28 148 25 40 1.30288
32 56 25 40 1.27021
32 212 25 40 1.2558
32 256 25 40 1.30878
36 412 25 40 1.32698
36 492 25 40 1.28142
40 452 25 40 1.29218
40 564 25 40 1.25284
44 108 25 40 1.26704
44 308 25 40 1.2865
48 356 25 40 1.27734
56 532 25 40 1.3257
60 148 25 40 1.29132
60 272 25 40 1.27827
64 240 25 40 1.29717
64 492 25 40 1.25838
68 188 25 40 1.30655
72 104 25 40 1.26542
80 72 25 40 1.31397
92 152 25 40 1.27051
92 228 25 40 1.26269
92 484 25 40 1.27278
92 524 25 40 1.29207
96 568 25 40 1.26816
100 120 25 40 1.26653
100 200 25 40 1.283
184 96 25 40 1.28247
184 168 25 40 1.25176
184 220 25 40 1.25888
188 284 25 40 1.27765
196 404 25 40 1.25918
196 444 25 40 1.30822
200 356 25 40 1.29925
204 500 25 40 1.27288
208 596 25 40 1.26724
212 256 25 40 1.36424
224 408 25 40 1.26704
228 156 25 40 1.26888
256 148 25 40 1.25343
256 412 25 40 1.27267
260 492 25 40 1.25918
264 192 25 40 1.27051
264 340 25 40 1.2564
268 96 25 40 1.26289
268 380 25 40 1.28258
272 452 25 40 1.3264
284 64 25 40 1.25245
284 232 25 40 1.26441
284 280 25 40 1.2737
376 124 25 40 1.26008
376 168 25 40 1.29046
380 96 25 40 1.28406
380 248 25 40 1.25501
384 212 25 40 1.27309
384 320 25 40 1.30101
384 476 25 40 1.25828
388 360 25 40 1.27619
388 568 25 40 1.26461
396 32 25 40 1.27154
400 288 25 40 1.2638
400 400 25 40 1.34963
404 136 25 40 1.25402
404 516 25 40 1.25284
408 260 25 40 1.26491
412 208 25 40 1.25699
412 328 25 40 1.29859
412 452 25 40 1.28512
416 96 25 40 1.25789
436 404 25 40 1.26058
440 292 25 40 1.34255
444 96 25 40 1.30377
444 252 25 40 1.25373
444 444 25 40 1.38742
444 496 25 40 1.28522
452 224 25 40 1.25392
452 360 25 40 1.27113
