1 106.581859 -31.775176 91.226610 24.673628 7.095454 18.246895 -33.677526 80.108844 33.338375 -23.752508 -43.724813 -8.797629 58.785480 -60.420484 -57.544472 -60.427197 -80.524517 5.014327 -14.554637 15.811542 16.774911 -26.936807 2.511289 -15.187503 -2.845856
17 -53.653292 52.298765 -44.686281 -13.544494 71.043737 -81.232794 -22.573636 38.817699 -9.287419 6.647429 3.171074 -55.046036 62.806706 1.285353 -16.677999 -31.753562 76.934460 -60.832946 -15.203530 18.463336 13.726343 -0.254132 20.850146 25.094434 13.606742
25 -59.364531 23.417898 -28.071918 -30.547329 3.329027 -6.820893 13.723804 -103.547978 43.599337 44.145026 -0.613338 6.860064 -59.107256 14.534199 5.908648 24.230260 22.421625 3.855598 21.907717 2.917962 24.245341 2.814828 -44.427550 8.849403 65.740111
6 -71.317462 -53.146190 -25.398624 20.368886 46.368684 69.757449 -8.935766 -41.848392 34.589532 -8.708830 13.874142 26.900038 -37.374277 -21.346384 24.328573 1.612212 -13.949745 -4.380634 -11.484454 68.377838 -39.062149 46.691251 4.223295 -59.262973 39.124061
6 51.595825 11.685153 -27.974433 22.284373 10.546964 64.672780 -28.387807 49.983544 -11.582672 -13.772853 -47.050257 -19.649950 -30.021600 -8.001544 40.235327 -82.548595 -30.961982 -12.064837 -7.713538 41.408125 10.296081 17.203484 -4.614727 -1.878181 6.311390
8 3.744388 -44.580631 31.477355 24.618744 -34.389036 -27.564580 1.804025 75.178127 -2.242846 10.941616 43.808769 -20.296130 -20.565701 -15.250057 -29.123463 -26.588982 42.291399 -82.603539 -15.850256 9.185558 -16.156033 27.730404 15.168738 33.776737 15.485468
1 142.434665 13.163606 51.284822 63.829134 -12.662426 -28.006641 8.148447 24.870755 49.649731 -31.165060 -12.967530 -97.112692 -25.405137 -26.697331 -16.748621 -54.720168 -17.527504 -35.391908 -25.106160 -15.027556 40.360784 -24.078191 33.991912 0.071780 -5.188663
1 80.373931 -1.354782 -32.681034 58.959397 -32.591788 -2.670118 -21.262001 -20.381935 11.690282 -21.385380 19.330452 29.777461 -8.355210 9.239258 -17.999908 -41.932399 33.618192 -1.006900 -5.754421 12.591688 47.982755 1.941245 -33.004466 -50.294436 -14.829769
5 -59.689565 -71.020750 -49.800704 64.867245 67.747027 -54.264508 4.903518 -47.526861 3.429174 26.671922 13.184233 -11.692661 30.685343 -21.901799 -4.365711 25.269249 -13.096967 -38.037111 30.077766 1.647963 59.566284 -0.902027 51.941741 -1.750306 -5.942399
4 -31.904160 -29.413625 -100.755881 120.834174 -121.484757 -14.410998 36.375530 32.150191 30.756664 -15.484503 -3.438641 -19.473580 -54.778833 80.217693 0.009333 112.526706 65.971310 -62.890950 6.141576 -9.535263 5.450052 -10.424335 16.765721 -53.053083 19.849705
1 56.428340 -20.287786 -6.436464 52.185720 19.394417 -1.441769 -14.719288 -6.246081 7.549514 -33.545169 -7.132360 18.680552 30.107524 -23.449635 -33.746690 -8.353633 -1.916911 -28.641180 -13.242555 31.986555 2.749831 17.585845 -23.052553 -41.133123 26.676961
20 27.358121 -10.425866 -30.916182 -33.274104 -14.044241 84.804286 -5.718833 24.959981 10.867413 31.326110 -65.456351 -48.344530 -19.166237 44.276850 81.021971 34.712642 -12.891934 24.723330 -79.995898 91.794610 -112.752259 85.614091 -121.959659 -11.710834 25.197552
9 -12.051303 2.566428 58.653643 -12.738805 -60.548346 -109.020417 -3.353317 48.749725 143.299100 30.137194 -52.943086 -50.039478 24.284250 -31.989197 98.902858 -2.047737 36.609419 -52.786075 -46.197279 45.790057 59.799768 -105.799793 -7.286092 39.901763 -41.893233
5 37.973595 -31.501352 -62.188839 55.406317 72.321600 -73.626392 33.234287 -21.684264 -23.487260 23.535877 -3.540596 32.488675 7.700568 34.396411 33.549516 56.073084 -18.570727 -48.180805 -34.352090 64.263189 -14.019979 -10.841922 -39.044018 -42.272009 -27.632798
9 -58.768525 -27.488859 13.152417 25.042187 55.851115 16.004600 21.170430 -0.738785 72.235518 -30.989792 -28.400546 -43.436716 -6.968721 21.747071 13.992710 -18.993503 26.354227 -3.630900 -80.037035 25.550187 -9.073103 -8.344682 15.592904 9.231422 0.946444
12 -54.161478 -6.377966 -23.917405 24.548892 6.154480 2.672653 31.940041 -32.876574 37.379247 44.278144 -29.848477 77.077777 -42.961626 7.796811 39.769194 6.680355 6.356292 -50.899101 -8.684103 4.837511 28.887020 24.102945 -65.658831 -22.925042 -4.170688
22 -24.649826 -59.511713 4.690829 18.530582 -30.479611 13.276335 7.103882 -15.996632 -57.586617 58.496245 34.523568 3.086716 -22.115597 38.755266 2.319868 -44.871727 19.307563 -38.450626 -18.113649 1.230019 -10.026837 71.261137 46.269980 -11.460349 14.411260
22 33.267336 46.278376 -59.390812 -3.847815 -62.874120 -72.334254 15.189657 -2.778860 -15.757270 4.118247 -23.295051 48.890739 -67.131204 32.169601 28.954846 33.117424 53.356596 -44.497714 -5.888935 -20.607375 35.421536 69.525070 1.055151 -5.510414 -17.430715
13 9.832613 54.303557 -120.206135 -23.123645 55.625494 -2.915933 0.830720 -172.359822 -109.895045 -22.466458 -18.195185 9.506454 113.287306 93.334842 45.288799 59.121038 59.823119 -130.873227 -47.899195 7.741815 -70.833923 78.424856 18.336463 63.313998 49.997541
25 -60.647016 -5.540012 -47.255394 -9.566296 64.321167 56.806288 -2.176976 -25.838041 -31.499159 15.842859 -22.389081 27.248350 -53.429471 -6.739892 55.299320 33.336639 -36.245813 -30.291099 33.807382 49.693751 -2.311943 21.505853 -30.925612 -92.197128 99.191425
13 32.731200 5.177413 -13.480479 -83.151127 -55.609286 -52.457752 -93.414648 48.928135 30.890377 -3.654338 -45.885860 20.722882 103.384247 -34.173648 60.801960 -53.035024 -57.324315 -19.143548 83.280149 7.359374 64.428287 7.020464 85.895686 -15.904118 -23.385970
8 -5.654453 -51.048662 -15.015716 18.911903 -18.610350 -34.441195 -8.875317 176.598453 -24.057867 24.529466 -3.621146 44.449194 -8.856492 -5.420801 51.620639 87.324431 -165.283902 32.313313 -51.690203 36.048818 58.973633 40.889566 -24.220366 -166.312798 11.449980
1 171.224564 42.734214 -41.790894 42.702335 -1.558571 -18.287000 -94.701421 100.776222 -0.850649 -56.251830 6.961038 22.295802 -14.786358 -7.880095 -95.648023 -64.699601 -106.764001 34.340640 28.448360 34.446512 13.807959 17.375086 -29.947993 5.021013 13.032776
3 93.189243 -89.942410 220.860136 3.404249 69.662809 -29.206119 -93.545865 97.712847 -20.795644 -55.200929 -39.004145 -11.065830 38.990297 -43.614674 33.760598 -120.335228 -131.137617 100.507942 41.333551 68.647495 42.903081 -26.219436 -12.362823 -92.073633 -46.467805
24 16.895970 -66.279054 40.746619 -3.675283 -18.782887 0.041499 16.748755 -15.976839 -46.469781 3.725743 15.209619 -63.821244 5.895919 -24.046875 8.899431 35.607384 -11.599886 -1.061471 57.173840 -55.970456 42.763909 37.448958 -35.880662 86.789909 -24.383071
20 63.107071 -60.182864 19.402865 25.345606 -7.308983 16.555161 -6.962079 36.813296 -6.957195 2.807423 68.390457 -82.676005 61.913423 40.022837 48.672746 -56.130726 -57.298906 -77.230546 -58.477332 107.239616 4.557298 -41.455551 -33.869157 -6.303812 0.025415
18 -43.513917 21.577237 76.089357 3.410681 -8.422406 -5.379425 -97.621429 -36.604056 36.317775 -26.365286 24.576080 -65.442530 -51.252078 -89.351049 12.047280 3.818478 -11.669319 113.811058 82.725892 28.213816 0.105941 -60.984609 -29.341949 42.488941 80.765589
4 31.307039 -26.405916 70.556817 80.334992 41.027991 -12.705592 57.090894 -7.939270 47.208543 5.841907 -35.191072 -1.808961 -7.871671 -45.160864 -7.349636 -33.615001 -93.564940 51.142113 -22.944807 8.548089 -44.243419 25.975158 -70.102227 17.755071 -27.885153
20 14.618639 24.371419 -17.203165 -47.038666 -13.375854 29.917374 -21.743028 48.441600 38.171864 -33.724689 -40.343909 -22.615631 6.017582 -41.694446 2.910649 -58.656086 -1.996949 -17.730862 10.559891 64.472047 35.900798 -9.806866 56.876545 -30.062540 23.734347
16 62.135883 -28.495972 -58.733724 28.766281 -78.960271 -88.570871 -13.821576 -28.673911 -27.172222 44.404903 -1.618968 27.560529 -25.329107 15.416094 25.190994 69.709147 30.313372 31.167389 -11.034577 -102.702903 44.225495 39.187622 -1.045643 25.512420 22.569692
9 -118.706675 -132.326199 -15.770672 -63.001777 8.669482 -8.880834 -5.489602 15.808666 96.523602 51.029930 4.411069 17.337935 55.627455 36.319229 50.547221 20.614921 40.381613 -13.345217 -16.964399 58.421539 30.303025 -28.637171 5.963460 -34.321921 -54.514586
15 -8.924496 20.906770 39.751437 -70.742196 26.590692 31.477626 4.936239 -47.795912 -13.243016 -23.666879 -8.774154 8.316960 62.537168 13.313128 72.930615 -41.642547 -18.034465 41.979097 20.010710 -54.999398 3.978119 -18.174924 -49.761439 9.001373 0.029554
17 0.987565 8.667055 -81.680765 8.151331 -0.116705 -13.846067 17.427168 -15.588610 -32.072757 13.917706 -9.705857 38.618595 28.609524 -12.655702 -10.624448 23.107611 80.238777 -38.548917 47.224154 32.086374 -14.725002 -21.563977 -19.816469 -37.635693 9.545178
21 18.860510 -93.741749 12.781885 41.251592 22.941921 -63.475806 13.376173 -0.774436 11.031988 41.033074 4.581828 -46.245242 -19.711776 -13.172017 -14.488655 -47.227407 -19.556184 29.609043 20.910502 48.681109 65.849742 -52.160485 40.253477 -31.177273 30.568260
17 49.516648 -2.239014 -61.534399 -35.627152 -35.527057 -11.349111 28.540914 -57.196923 65.308822 -6.284138 -11.104150 48.912459 11.697094 24.256652 8.317835 19.147143 96.258658 2.757114 -43.611597 -63.271155 65.325772 -63.657682 -56.642518 57.828946 -29.823053
16 24.975921 26.712084 -201.022588 -62.071822 -38.457849 -59.222381 17.284421 -65.193966 22.260219 42.488520 -51.154149 82.767055 37.338888 104.115083 89.840399 111.968194 96.635544 -166.935817 16.523295 32.072547 8.695486 71.220644 -82.173026 -53.529703 -5.136903
7 30.891074 -24.881989 20.783835 -5.845600 -16.767028 40.475947 57.428767 4.165086 14.875740 -4.105640 -12.397612 -39.168412 -17.337389 -54.212159 -0.847208 -5.412755 -46.945380 12.503843 31.871068 -70.665970 38.319712 41.971320 23.124511 -41.996942 24.173227
9 -9.212132 -40.977556 -10.549817 5.486622 -29.936213 -4.484260 -25.933060 54.772262 66.408908 23.041119 2.093829 -22.028545 -0.907395 27.822552 15.400377 11.189584 44.465629 -108.388559 -7.426245 1.355914 19.267386 -25.626304 9.258042 6.456153 -1.548238
9 28.433755 0.111551 4.266184 26.897923 -17.955097 -4.962672 37.367416 -0.067673 47.989349 -11.712508 29.320419 3.008122 -44.566199 -26.772564 -27.145754 -30.892774 -14.791810 22.475241 10.817910 -6.061253 42.665843 -31.342130 -16.620434 14.884762 -35.347502
6 46.294912 11.287796 28.851758 -65.875666 17.019323 67.297720 49.592190 50.848792 2.206995 10.521197 -24.411173 -17.838032 -76.724706 -57.805469 -98.745054 -22.984822 43.789503 -40.157279 42.389393 -19.179641 -43.457906 38.825825 65.755039 40.633378 -48.134044
20 -11.482483 -44.249904 -30.945797 17.957101 30.127538 40.217554 45.301566 -49.651430 -46.630711 33.531246 -10.443684 43.957332 52.865921 -31.065334 -45.130186 18.058497 -20.511761 -9.363736 7.686866 59.815600 -39.832576 0.717637 19.500164 -57.220112 26.790793
3 35.976914 -72.964983 89.760502 85.329101 2.327363 -23.680974 -19.970688 -54.566834 85.044402 11.378917 11.104861 -29.773760 16.084633 -1.502299 -1.258792 -76.154983 -57.865443 -12.835238 -32.724715 69.064976 35.196844 35.311218 -5.982496 -35.347254 -51.951199
24 26.422220 -7.301678 9.973163 -10.572985 -25.024347 -17.003203 -5.336408 -42.678044 -44.758594 53.658861 26.071617 -22.057735 9.116825 -53.077837 5.255900 -48.943019 -16.635731 24.389087 30.376332 37.901267 -11.074597 -26.716140 2.979928 81.371649 23.663526
17 -66.776698 -24.030306 -90.006744 58.106214 -57.244952 54.113360 -5.401983 -92.136738 -102.048578 82.268602 26.806169 -2.288110 -76.889407 15.533376 -10.282109 75.002356 197.293295 -9.583407 45.974932 -75.600299 -3.990060 16.912140 -25.949442 24.349783 45.868700
4 32.368981 2.984609 19.585038 48.381513 -5.350590 -8.013916 21.475217 29.499972 12.219994 -43.984601 41.904142 -20.073514 -0.586018 -31.066459 -60.218485 -27.214699 -21.079580 2.334293 19.276678 15.442844 3.440524 -30.635898 16.680604 -20.554688 3.184111
17 19.057645 -38.307913 -50.702481 40.749139 -23.370411 -27.417136 40.399534 -43.447194 31.104384 30.964144 -28.918517 39.250407 -51.048157 26.052556 -46.234996 -4.052406 78.424626 -63.681772 -8.455672 -17.198903 40.174895 64.952234 -45.344441 54.138691 -17.088163
23 5.790200 33.315460 -42.149732 18.708146 44.143871 -52.057803 34.150233 84.227185 14.406090 -21.767762 -19.864246 -32.797529 -32.784851 -25.689258 -10.196088 -13.056074 -4.008723 -44.040254 24.996892 -16.843943 31.603293 -39.292119 85.463838 -21.847309 -0.409431
2 -18.022382 91.772117 -79.852737 38.079451 62.040184 -5.644779 28.150587 -76.663481 -15.219863 2.549800 -6.660980 41.733151 -15.767549 -58.627503 -25.340974 51.001607 32.549158 28.266516 10.381010 26.179952 -62.714689 -27.703138 58.637983 -40.017612 -39.105749
5 2.086095 8.355989 -103.290942 0.114209 89.856760 63.352348 -32.945575 -121.122731 65.067527 9.864039 -38.233135 -20.559637 65.108580 19.148327 65.148078 -14.979191 -47.322898 -13.050931 25.827727 -3.144051 39.815458 -23.764456 -52.610893 -1.837984 19.117378
17 -2.434815 -82.648932 -24.956174 -51.409484 -14.959936 61.841410 44.170711 -21.999368 69.776007 17.093505 -30.190889 -11.212494 -24.037956 7.875868 29.398683 53.954440 80.125970 -12.322576 10.336334 -18.406416 39.979731 -63.263357 -41.495507 -38.435824 23.221145
2 -7.541403 60.498792 -44.297178 21.170395 -50.855991 -29.799529 25.747079 -0.196966 -14.559420 26.525465 28.788184 -18.184100 -30.050752 15.711764 11.905019 -31.428547 38.022604 12.434999 27.012633 -43.280055 0.065100 -14.534002 10.594406 -14.490656 20.742211
18 7.897990 60.881520 -3.333244 52.948024 71.701376 33.688150 57.540980 -93.094780 -61.154457 -28.679874 -20.028999 -38.165736 0.612543 -60.523888 -10.465024 -78.937564 -67.032784 106.699080 43.495150 14.591358 -21.881280 23.438422 -15.131200 -0.593681 25.528011
19 13.653428 47.113952 24.188357 -21.478588 6.038160 -16.357246 -1.756636 -5.323595 -77.689926 -48.839174 2.153793 -51.009461 17.860824 -3.718260 -16.342283 -24.675981 40.388133 -43.126519 86.724982 -48.478770 15.008102 23.078215 9.711845 51.477737 21.398992
23 -37.341808 -51.551437 3.975941 8.115579 39.846057 33.426932 -72.267845 -19.632157 15.775779 -18.291184 41.941434 -52.096033 26.773087 4.690425 -16.865654 -55.038071 2.360538 25.448866 16.647985 50.311719 41.320383 -55.909244 78.643687 -21.239381 10.954500
1 70.925972 37.311928 -108.169491 42.709829 45.669641 -26.255667 3.744008 12.088550 -51.954848 -18.600396 -31.455194 -3.200683 -13.218989 -3.959059 56.846406 -4.179418 21.755556 -43.748045 6.073333 -49.589403 37.052228 -14.019825 6.251525 -35.106840 63.028970
3 22.333628 -39.474491 71.566260 40.540428 -14.433018 -15.138245 21.644087 1.718515 -8.905950 -20.682715 31.669960 -51.802759 -9.934296 -54.439134 -4.501757 -51.709421 -49.280212 59.119978 25.882508 -23.524990 8.646852 17.215725 22.990680 -12.566911 33.065351
8 47.829176 -5.336730 41.822586 -36.082164 17.084188 -13.426650 -82.233487 103.829435 -25.701541 -22.355184 51.812101 -13.496242 34.891326 -59.522483 -33.316689 -42.191879 -30.632648 14.850156 18.869620 55.308288 32.570079 -50.320145 4.474883 24.015000 -32.740926
4 44.129928 23.989729 -31.356759 72.268502 39.357979 53.857947 13.822314 -43.896074 -18.447255 -32.393469 30.897088 -14.143858 -40.655167 -27.731778 -45.583269 -50.297121 -37.228569 6.496886 20.997398 14.147428 23.175506 16.613373 -15.381658 -0.726795 -1.912185
8 19.936241 26.225581 58.384767 -4.283288 55.721669 -38.102601 5.810853 67.317916 -42.887940 6.832809 55.003179 -20.282833 -6.690699 -66.137879 -29.474430 -82.309345 1.878132 53.828275 -17.304924 12.649820 10.580362 -74.996414 3.832287 -1.382381 5.850935
20 -41.143470 -2.321686 -43.214748 19.315029 -7.183940 9.843427 22.397980 -26.428162 23.578431 18.399583 19.977730 7.445242 6.124788 33.374791 -33.480572 -0.641955 -17.410863 -82.093436 -8.656697 67.068270 1.831556 60.702115 14.977572 -46.986906 4.525979
4 -13.695456 -32.529192 -53.838078 119.980128 -49.927779 -14.505105 -64.070350 19.129250 55.104045 25.279565 -58.950523 36.024093 21.861149 78.543123 78.080406 21.432040 -8.685329 -46.361595 69.428084 -26.539618 -37.120076 68.746716 -112.263038 -39.262126 -35.860293
9 -50.933076 22.790053 -68.483951 -51.273291 -1.346640 9.151133 48.474669 1.219078 61.459255 -39.622780 -7.761220 -4.367630 -7.978429 29.748757 -5.615116 20.892832 43.590132 -76.671208 15.581639 32.967662 19.857727 31.307844 37.146116 -42.434079 -17.699408
7 26.019520 5.108125 -14.350809 60.594998 20.020954 64.297751 111.807112 -119.783739 16.767574 45.392827 -56.675312 50.821440 -5.026772 -37.197752 34.825095 28.821721 24.353732 -71.039983 -60.123050 2.640900 -16.158235 -4.692559 19.032663 -46.200675 -79.255420
14 33.329128 33.819675 -62.677240 -36.083764 20.577366 43.996393 3.227888 -48.468065 62.806056 2.407098 -29.488500 19.138492 -9.142302 82.824913 -0.067900 -7.986572 34.271021 -57.915560 -31.733557 25.565716 -27.385671 20.544301 -19.157156 -30.871055 -21.530669
17 -22.237119 35.769256 -3.558408 -35.401401 18.325885 -38.120889 -21.144742 23.366774 -1.431452 6.478207 41.126944 33.189762 50.458928 -42.282567 -40.547163 14.428820 125.894873 -65.067346 -27.638150 46.314460 -14.414659 -26.260076 11.027012 -103.404846 35.127985
5 49.864922 7.753528 -40.512501 -26.450242 50.679138 -27.590409 12.395898 11.986044 46.766976 -24.176839 -1.634791 -25.254925 14.492067 -22.234178 14.870058 9.015889 -7.331794 -21.060802 19.863529 47.965143 2.068429 -15.695901 -19.109997 -35.462939 -21.206210
10 20.058960 67.738837 -85.119649 5.198980 12.635485 -25.706014 47.433748 13.378817 9.873390 76.062186 -6.291520 41.023170 -0.568458 -1.263954 0.203060 53.568160 55.287806 -62.753733 -27.492477 46.657887 -17.825961 4.888022 -69.820739 -75.809473 -81.356445
23 -24.305414 -58.997654 -32.344931 37.589224 22.168485 -12.714907 -24.382556 -88.203840 -57.950096 49.353194 20.400097 21.577453 43.568688 35.903968 15.147394 15.353087 43.124298 -39.952647 24.266735 5.965584 -32.429014 -15.235871 55.116460 3.109039 -6.126740
19 16.230125 8.885599 -108.127127 -30.532825 18.679972 -29.544534 20.923633 22.245901 21.065998 27.945624 14.075248 -8.631932 -3.237110 -17.616369 -18.004061 11.412479 5.997170 -36.239606 39.606850 3.261318 23.455980 -9.188623 35.350663 -32.524128 24.509838
4 17.828985 32.922666 -106.738793 63.884021 12.467191 -51.145582 32.450930 -67.712835 29.140849 39.575053 -21.570084 17.868861 -0.725002 -6.131004 6.277172 36.334486 15.733123 -27.143680 46.479060 39.350306 -5.259758 -12.126930 -30.062402 -53.262679 -8.433888
8 1.345181 -28.174151 52.858282 -27.766975 -45.821557 64.151231 -19.325301 75.553066 10.159737 1.381080 59.810150 43.458110 -18.682873 -38.434631 -26.456823 -56.522744 -16.248190 9.017723 -78.673874 50.204021 -36.454319 -5.638836 13.725152 -9.189632 25.726232
7 -24.706499 26.707304 18.649092 8.697834 31.560206 30.282821 66.823029 44.602883 -14.706587 -34.189695 -27.281153 -4.653782 51.591894 8.308593 -3.101454 -33.466669 8.039540 -19.216473 1.121915 9.512654 -87.720218 34.664119 -32.477004 -73.421685 14.379399
8 -11.724581 13.380485 24.298780 18.561971 -16.579821 -30.040580 15.513916 158.235125 -67.774471 -11.886606 48.266838 9.245669 -3.754809 -57.993102 -103.924492 -12.788047 -2.371722 32.700717 -1.650722 17.943119 12.565385 12.809822 29.869520 -37.844771 -35.057547
6 -18.898367 8.001239 -12.215603 -5.457212 24.904204 79.863264 22.913402 21.983992 -8.103116 24.536048 -5.462628 34.838437 -16.796169 27.278049 -1.460418 -25.257078 -33.856862 -14.587835 0.305016 8.548969 41.446262 -24.343056 -25.138620 -95.957398 -7.084433
17 -5.005186 -15.061212 49.525894 94.334406 -6.546836 12.835920 67.120508 -46.044965 -100.249129 22.344009 -31.861857 -14.638511 1.576982 -16.339374 69.555991 27.663912 98.553079 -34.978637 24.771354 -191.845163 -3.281347 -79.873524 -19.824552 55.112890 42.155394
1 142.903397 24.094171 36.548680 -52.014026 -95.657526 -47.909291 22.197876 51.282948 88.464727 -3.118814 -31.293029 34.763005 -27.090597 -49.929023 -84.864005 -70.711080 38.986447 -31.010155 42.477284 36.040327 2.555393 -0.500851 23.289121 -39.661463 -9.843448
8 -71.513427 38.431500 21.662092 -26.440911 27.034990 -69.455802 67.164091 140.455141 3.662140 -2.385423 67.170802 -19.654299 -14.785668 -4.841844 -12.709511 -51.330228 -79.331285 -23.068982 10.489946 62.239293 -3.162727 -24.105313 21.294180 -35.337432 -21.481235
8 10.523931 7.718528 -9.509031 -57.273399 -25.044364 -76.266918 26.685113 115.875726 53.486931 33.252395 -24.509993 -30.014251 -100.534659 -28.723646 45.822817 -7.334508 17.967359 67.969621 -67.750335 66.549116 -88.630626 -6.130465 -61.924391 51.852898 85.942303
8 -32.639999 32.855334 -69.563382 6.098894 66.894014 19.058667 -49.655545 115.961262 7.850534 14.216872 9.877438 -82.154931 28.593880 1.595715 0.565219 -0.879706 -18.947571 2.759409 -63.173076 75.316000 11.838498 -65.199149 -4.868595 0.934299 -7.333981
8 -19.605195 17.271631 -64.995473 -14.041809 20.749765 -12.821466 -5.952445 109.509674 14.514029 15.443917 30.727523 -28.968714 40.361453 -11.864660 5.565868 -2.946353 10.279321 -45.759087 -28.707413 66.764222 -8.552233 -53.592599 -0.749510 -34.648160 2.017800
4 -18.726418 -67.772294 -56.135497 115.306547 -11.233329 -110.531201 34.009731 103.636254 -67.465451 -4.647360 78.726563 67.381676 41.551649 -38.354122 27.314229 -7.758768 42.949563 -3.227051 -10.485428 -25.076549 -46.986506 -18.291075 -73.939035 -6.764707 56.518652
5 31.750711 -57.660416 -61.528461 14.300793 81.404181 -25.305399 2.244760 -140.293925 74.556862 49.628594 14.009846 65.027937 61.608947 75.207666 15.079634 58.805848 18.404917 -69.895014 7.692344 60.416516 -9.206853 -67.636325 -111.314798 -71.186012 -16.112239
17 17.740643 21.388177 -8.696631 27.848978 21.890544 27.064895 -9.770402 -22.079231 -23.011708 1.953077 5.570369 -8.211374 0.550612 -20.362202 -9.179327 -13.018616 27.862716 -17.810643 27.031263 -39.222553 2.432019 -9.163427 0.486006 -9.673883 8.380779
22 18.037976 50.183516 -45.202485 -25.251962 4.625808 60.574135 -37.380979 -89.911079 8.799722 -5.199829 -1.142151 30.312625 -17.369635 5.074580 4.900566 -5.622893 22.053260 -43.228457 -14.961956 -35.262978 42.837737 66.510776 24.828070 -31.769184 13.564858
19 35.958332 24.586076 -46.596341 40.541529 17.951853 -49.143269 24.063865 -23.192957 37.762172 28.411517 -6.374907 -26.267528 -26.017366 25.986163 26.518520 29.457678 20.812165 -69.581835 42.041269 -1.160893 -10.154840 2.358821 -59.272907 -31.538466 -7.148596
21 37.449386 24.332225 5.577306 53.150922 -6.922873 12.493874 -26.632101 55.794850 12.920912 -13.352719 38.634500 -42.304551 -32.877778 -32.350610 -41.157423 -66.081079 -86.877758 42.766389 26.622825 -12.403508 61.669958 -56.483379 8.216534 -1.874451 39.688631
6 33.945861 -7.060604 25.764149 -38.010924 -17.868584 51.408645 -17.883161 -40.724970 25.245557 1.853881 -1.342445 -24.562122 23.747344 -39.649810 34.165615 46.996005 -8.407289 -16.515681 22.643726 -8.090868 6.148838 -70.574620 19.916379 8.760235 -9.905076
19 -31.466102 -26.262526 -4.353959 -1.288839 -35.689792 31.443099 -42.991396 -39.038570 4.652274 -17.772319 -1.067846 50.926405 13.704245 -51.419390 -18.464601 10.964388 10.236571 -22.335475 96.090591 -33.133135 81.942907 5.352387 28.031088 24.942360 -33.002307
9 -9.314445 28.697358 0.308704 13.020280 8.051661 -3.413823 -14.034926 -28.047937 77.643008 18.415755 26.267364 15.505703 -92.789664 -7.708935 19.172959 -67.511651 27.916540 -11.166226 16.636339 4.693488 -7.550748 2.090353 -8.082093 -31.199478 22.400485
20 -9.091656 9.942848 -25.556831 -21.509827 4.690388 40.450590 -10.749633 39.819197 27.716080 1.895920 -11.889409 20.369367 -0.259762 -23.821848 -10.341573 -23.837841 4.022312 -12.773186 0.639234 40.503568 14.553883 -16.506368 -14.326740 -51.271504 27.332883
3 13.498811 25.947998 85.901310 -97.225033 -31.856354 16.191422 23.697712 60.448578 -45.369873 -15.493634 -22.589158 -29.692634 -29.855677 -98.828348 12.887432 -89.230259 74.468667 65.038199 36.167841 -80.047520 10.810423 79.221049 -37.830053 21.870359 51.868815
1 72.503765 -6.482405 63.067815 11.166803 -5.276614 -45.979970 10.100897 68.773720 -18.810380 10.965985 -17.524331 -30.142013 27.462836 -43.870061 -42.788092 -87.286793 1.834959 20.824654 27.198508 -7.697518 48.765646 -42.204718 13.824249 7.625950 -36.052813
17 3.639315 14.271316 -100.988454 -46.302037 6.776150 -28.105609 22.734954 -37.580084 -33.131722 36.307178 17.194624 45.647909 -15.624639 19.230260 20.249380 59.381598 81.644002 -89.327402 -26.268039 18.144503 34.642236 15.383941 -35.565566 -39.109661 56.755932
1 133.824572 -1.885377 44.847098 34.727320 -38.005534 15.657925 -14.240476 -44.799127 -42.484614 -11.205541 -45.097757 -51.903457 -73.050756 -1.466808 31.602745 -10.136492 45.000828 -44.130509 8.590684 -2.198331 47.207799 65.112569 -32.459425 15.803107 -29.310392
1 71.476623 -7.437242 20.242026 35.082078 3.210165 38.716997 55.864477 -41.014047 23.387351 13.128333 22.806317 4.675706 -57.203999 -1.512352 -15.829439 -10.098355 7.957121 -52.992195 -3.533678 -73.780147 -0.365963 4.348825 -38.575897 25.473407 -24.026041
16 -25.776211 -11.590076 -166.524392 32.504632 107.464347 -61.838573 74.645023 -49.378397 -99.887824 -9.360815 -6.671229 27.298371 30.727316 36.643000 -20.939853 125.139599 95.387094 -51.427108 41.529091 -33.701750 -49.804800 24.035530 -63.452929 -7.287120 62.267139
4 -20.244256 -30.580251 -5.786862 119.761474 71.138258 52.002203 19.547674 -80.370578 -9.460954 -6.850885 17.438682 0.425454 8.241085 10.835270 29.020311 -43.560834 -14.387689 5.453393 -27.387412 12.372839 50.364351 -64.707107 -54.368708 -14.402913 -24.492493
7 -92.667320 0.624821 -148.086381 47.790308 -15.411102 -83.801797 63.225986 -45.675729 -25.154850 41.548935 38.899103 22.443267 20.670095 22.288034 7.907082 61.089345 60.041515 -33.609493 32.972133 51.655406 0.280336 3.989591 8.507924 -58.392155 18.865032
7 56.978387 -35.679365 -22.687827 18.875826 -0.392947 -26.194830 76.940635 -53.261135 -22.273747 55.920175 30.290956 -52.532489 4.859030 -68.821227 -24.621869 -30.695114 -59.700973 2.558453 -13.644411 -92.699662 74.568451 32.710684 69.648271 16.815710 63.039115
5 -2.291739 59.055382 12.965288 -2.704330 62.880979 -15.189107 -37.371813 -22.168649 2.276466 -21.899859 46.763200 -67.965325 -47.946479 -69.369408 10.438510 -33.689787 46.913737 55.790194 48.431069 -53.054184 -21.432363 -20.584760 29.694418 -10.370597 50.829254
2 24.809956 102.036333 -106.847993 -26.503509 66.114621 -49.833493 -46.667398 1.106901 -36.904122 32.778472 3.435094 20.456951 32.284963 -116.241182 29.060630 -30.879043 -26.509690 85.792407 18.620046 16.188126 -8.248208 7.491932 37.215143 -61.335925 32.579094
19 -30.900166 -9.049354 15.538759 1.876937 26.497307 -24.705054 -37.083384 22.531433 -33.862603 -15.498885 24.946131 57.185291 -24.129313 1.353340 -35.627264 -22.004713 -7.001931 53.292125 60.603251 -111.600615 40.027070 25.308792 2.203466 -21.897915 41.997377
25 -9.947853 -15.270610 10.138251 -109.708834 29.655459 32.993408 -0.929498 -36.393608 2.415547 -8.508027 -18.107934 36.951767 69.214617 -95.993993 -13.231776 46.953593 -1.852166 -32.288452 58.637170 -16.123958 3.593313 -17.332919 -38.721828 -5.362806 129.221188
21 -26.709220 -17.620363 63.251883 84.677377 52.963364 31.313947 18.748621 -106.670999 58.792872 -21.898466 -34.386494 -71.101574 -15.649245 5.190278 -30.552822 34.682934 -39.984560 18.481694 -26.395806 -48.846487 103.453231 50.256485 -30.746509 -57.754276 6.504200
18 39.492805 9.058941 -57.318652 -25.652743 5.910651 54.686607 43.803222 -11.002749 61.135536 -14.850668 -32.664853 -16.286632 -76.058580 -101.024333 -27.408252 -52.586778 -102.305486 81.242356 17.474699 6.695988 6.610257 21.562147 65.171768 59.710028 44.604810
1 160.960051 -22.932151 82.661109 119.119478 -63.994254 -10.597821 -23.964071 -30.331301 26.174346 5.315276 -23.458104 -113.040299 -4.033696 -122.973437 -36.866418 24.684944 -21.047867 48.411873 93.268164 8.786427 48.359124 -53.734576 39.657239 -17.338173 -113.085775
8 -3.245990 -93.659569 -115.884574 -43.199063 -103.962216 -158.890510 -7.854930 243.108012 -108.635741 22.294221 62.297503 -5.938872 91.848643 -26.568953 107.757525 -21.856792 151.627665 32.512605 9.040708 -43.165299 78.941959 -148.592410 38.523204 -38.705326 82.208319
4 -163.616838 -92.283101 -45.692143 142.580114 2.265364 -60.503935 31.609029 -88.844990 68.884046 75.441005 80.374297 64.246352 1.408477 -6.171698 58.765828 14.319299 -12.329070 -38.707774 -61.065541 -18.113168 -28.292245 -8.074945 112.228225 8.937284 -37.363804
15 -47.668622 -98.445305 55.252656 -82.353178 -14.594238 -64.465427 2.326168 -3.203754 -2.408316 -44.426620 58.184060 15.060059 74.811531 -46.162018 96.490999 35.237487 -120.717583 1.801357 59.004155 34.215930 64.770528 15.851980 32.455100 -43.154385 22.137509
3 -82.161992 -2.722734 128.891314 -7.495548 15.229746 64.225386 -55.541915 -117.060780 31.524046 -37.514884 -21.456310 50.143192 94.153940 -120.546951 57.197309 -42.429230 -125.828439 115.886858 -31.882417 -78.239651 105.339812 -38.036231 111.753966 -37.011651 23.583192
1 117.548155 13.630573 14.291626 -113.603473 46.137745 -24.108018 -1.930819 11.253775 33.273766 3.388376 38.288012 41.899532 28.941933 -36.450339 -28.170717 26.120176 -27.331431 -40.171295 -56.625274 25.665085 -6.536401 -4.422661 -43.585206 -62.362258 44.859257
14 -81.125660 -103.608709 -85.991193 57.030481 -45.237448 28.514391 -28.202201 40.255302 27.413627 29.443149 25.596370 6.796877 27.007865 97.263878 42.500901 21.219762 44.624412 -106.421997 47.653144 54.035067 -9.351415 51.617282 -25.730296 -61.971090 -53.332402
8 31.924476 75.747020 -6.335596 -46.430787 -13.156989 -22.722223 9.283934 100.673582 -6.573551 -2.057319 16.675052 -5.678327 -0.595044 0.001444 39.631795 43.443366 56.797576 -84.996436 -51.121800 18.819354 -48.450684 9.612441 -99.859865 -3.158980 -11.472367
9 -34.289610 11.720746 -63.382331 33.099170 -2.130291 2.045886 -4.436468 -19.643858 43.281018 -3.807832 5.530403 40.209683 -77.516462 19.215997 41.744235 36.010603 37.114465 -43.049698 14.799412 -11.409073 15.256570 15.173920 -25.519966 -8.355992 -21.660461
9 26.935692 -52.616308 39.958698 44.176310 55.739058 18.878635 10.760167 -23.211469 78.986439 -41.079432 8.154739 -12.649628 -7.903030 -63.304268 -10.520035 -45.735196 -55.093256 56.801188 18.525734 19.120470 -55.309575 21.024283 -9.720894 -46.313067 24.394839
12 56.574479 -36.794276 -4.077202 -50.070527 10.930670 -2.238008 3.084620 -24.911642 23.649377 79.693354 7.209509 86.276736 30.855623 20.480430 12.353516 -23.281105 16.409127 -44.578986 -38.389897 3.706041 -19.504495 -37.985370 -30.644599 -31.511442 -7.235825
8 -44.477271 -78.788197 -108.291089 11.954343 31.436875 8.039287 58.643270 84.093561 -52.638674 78.312430 21.222795 -37.749042 -18.117783 54.195680 -24.036842 -31.246431 -73.879844 3.823084 58.906103 36.590164 -42.560432 58.245784 22.845158 -54.188347 37.665559
17 -62.220676 88.388904 -205.528704 51.070162 13.675596 -113.627707 48.898924 -53.638882 -18.615106 112.208628 -3.631965 49.526442 -65.972558 20.309029 81.736268 68.130698 202.804868 -136.349326 1.861416 25.680709 -24.273974 -10.409064 -79.711144 -36.160479 45.848046
6 -38.458764 -16.520583 27.448468 -0.286024 -1.846717 60.028595 4.275561 8.369046 -56.279353 28.534892 27.737595 -27.609137 39.497871 -16.093281 9.989953 10.930383 -49.694983 39.806778 -0.046323 20.071147 -0.399836 -32.844071 25.033117 -46.004727 -15.639529
9 -38.129559 16.315067 -4.814228 -8.682191 -31.016704 10.938008 -12.617734 -12.081064 90.400295 29.291730 1.309133 17.880348 3.644497 -31.362559 61.147891 -63.335219 18.754802 -58.453907 66.544512 -35.940428 9.841440 -12.888454 -11.223329 25.771251 -31.293552
20 52.362719 20.704245 8.569565 70.706365 16.120618 -60.284094 -25.103166 23.834638 28.328012 -41.334209 16.603570 -48.953358 -11.546602 -50.051946 17.090505 -23.684671 0.295734 8.071791 30.736335 83.045359 20.624845 16.848430 -100.485576 -12.346764 -40.152297
25 -35.055158 43.893686 42.199233 -54.525114 50.803469 27.487454 26.808660 -9.420221 20.751232 -2.925965 5.488388 -36.071680 -74.116228 -54.465048 -14.057999 -20.963079 8.060950 54.970481 -39.557525 -0.195080 7.626896 42.447111 -94.320005 35.966095 69.169526
4 11.596707 -15.211371 -3.137812 74.867207 10.602626 8.116618 -23.891761 -6.802639 -5.521300 -39.715131 29.380578 -35.998755 -64.968169 -59.804437 -56.821013 -19.710473 -35.686330 70.005567 -31.917969 24.792192 55.832637 -44.310313 72.225746 40.567209 45.510479
8 -50.700999 -62.192347 0.195113 8.451298 9.348905 -73.329162 -32.447664 144.212963 54.920964 2.542540 25.636412 -4.030078 29.979170 18.387550 -22.428519 -27.921548 -1.911275 -53.287948 -10.996504 10.963335 -43.071528 6.527819 56.919633 -9.163309 23.395251
8 -7.718163 -30.566278 -38.376703 20.219278 15.037260 -44.076624 -21.644623 47.938570 -47.301976 -0.661544 13.248556 7.304626 45.808158 -21.223065 26.336092 13.852634 4.884708 -3.820081 -5.571861 21.270363 -3.471446 16.334572 -12.411780 -22.685052 27.294482
8 10.345407 30.277807 -7.362901 30.514896 5.961714 -2.752198 18.944425 64.509896 -6.445169 5.080623 -29.532356 -20.272780 53.346235 -41.500366 -8.178587 -4.605397 26.877184 -16.282508 1.340538 38.553728 -41.833421 -9.152410 22.094957 -58.190292 -61.738938
22 69.189735 15.135808 -80.891426 -19.497508 19.543626 -25.985336 28.619222 -9.034826 -15.392676 -20.075944 -45.039276 12.308939 -2.030925 -1.086242 36.351925 62.105126 39.302502 -97.939526 27.253153 -62.588803 -41.151023 83.871985 -16.058149 34.135146 8.954518
24 7.298237 42.078279 -33.298899 -37.684993 -31.174171 -34.441372 34.045120 7.365793 -5.847232 30.791098 56.660100 -63.993697 -21.030850 -55.441418 -48.462952 -1.263209 30.945694 -23.341161 27.161620 79.459965 -47.426913 -20.852315 39.116855 92.302668 -22.966179
5 27.875403 12.302140 -44.309536 -25.548434 63.091217 1.291680 -2.402051 -8.453759 -15.491400 49.617714 10.168870 -21.213459 31.690536 -3.761081 5.175058 -35.248453 -7.702453 -55.683137 54.234614 10.340058 42.196780 -5.110506 -57.442298 -23.193608 -2.423789
3 54.301803 32.077686 142.837251 76.262185 -82.214637 -42.733220 -25.295460 -33.233272 6.843923 -6.204031 7.968075 -1.618156 -53.301359 -44.359172 6.314959 -38.889576 8.239247 -3.088580 8.667793 -26.327143 22.500960 88.619127 -19.638573 -32.761884 -44.967868
8 18.527386 -26.544271 -19.255385 -7.941545 1.019285 1.966065 54.697646 133.478868 -66.437559 43.503268 -37.711436 -0.787795 -29.363409 -6.242252 -22.582048 6.994146 67.887025 -2.795593 45.688640 -2.687316 -35.408025 -20.730129 -5.479759 -71.243254 -18.552481
17 -5.532037 106.975350 -154.677352 -36.367853 26.845273 -15.167876 86.314611 -106.792240 64.969479 -20.846650 -10.912112 47.914317 -38.161209 60.694290 13.799123 9.055854 112.531503 -71.364437 -27.647457 89.606136 -61.511437 32.666418 -64.303280 -14.845464 -23.242862
19 -10.894602 -24.289444 -30.584980 34.556544 26.529985 -53.507246 38.495281 9.354002 7.200826 48.208058 -73.716568 67.977746 20.240706 19.580418 1.450241 25.155778 -3.056792 -57.690315 68.106411 -46.359004 -6.374471 10.851564 -44.949656 -24.740156 -1.544270
4 23.563844 -51.034949 15.432572 97.574292 4.382905 34.522674 -33.131960 25.370496 11.573107 19.921339 -106.247547 13.156339 36.581210 -55.765361 22.324124 36.732275 -33.894129 -91.275506 36.309743 -81.827334 84.255971 49.881734 -7.285792 13.028751 -64.148751
19 18.198490 -42.642177 -87.125179 62.151736 -8.124176 -116.011305 21.011722 -101.343023 -3.592747 23.356000 -38.261875 57.169543 -2.673124 7.273961 59.417925 8.765219 43.520769 -79.507372 80.069749 -3.821161 71.070948 -34.194075 56.275701 -33.048459 42.063026
2 -43.641532 133.423144 -167.547025 65.198878 8.388883 -12.387858 45.708363 78.514449 -95.808387 3.558016 -23.160136 69.435692 -27.640686 -8.835601 54.442189 50.653340 110.379839 -10.988343 -101.321186 -31.817287 47.190445 -94.928651 -53.469114 -2.355611 7.008203
16 19.058182 3.478441 -30.645956 -8.371777 -19.264630 33.606225 -10.542782 -49.905092 -0.989484 35.565575 24.141750 -7.654194 4.826642 -2.551508 -18.032544 62.427156 42.013675 -78.466865 -15.748792 -21.037788 3.738047 -14.738692 21.805568 -14.916095 42.205021
4 26.156049 50.290457 -150.624791 168.053692 36.338375 -92.816785 -4.858800 -138.111883 -100.707162 -0.783645 -97.847719 74.457956 -77.658415 136.095685 87.566719 117.380462 117.988367 -112.823216 84.321799 45.759830 -2.966659 10.129016 -82.027846 -109.598673 16.287263
17 -14.254621 18.988175 -152.208648 -35.538730 -79.390025 -35.201064 -39.519236 100.584981 -58.006021 -6.708396 -9.976171 76.969669 5.812853 51.558919 57.856861 58.726686 164.703426 -61.930355 -17.993163 33.591977 -25.237250 -12.779489 -15.847667 20.556177 -24.758822
9 5.844768 -44.798422 -24.126660 -67.875329 -42.554532 -67.676992 -79.185669 -52.809244 129.641478 19.146864 -32.419592 117.214478 -21.076430 68.530342 103.424782 60.817448 -2.535622 -61.514793 -66.494835 24.782659 -8.869625 34.391545 22.416570 -31.633305 17.360226
5 -83.741398 -31.165086 -28.117268 -82.985468 85.834853 -29.860337 -10.684251 -61.330572 -2.021306 52.652670 77.196147 84.537511 -82.115531 -17.944189 36.349145 44.771172 14.467071 -15.275011 24.234821 25.132167 -45.661150 -13.276842 66.979353 -48.661715 40.685350
6 7.020648 5.010070 -0.583259 23.112423 -6.864108 63.901433 44.679522 -75.251651 -7.238336 8.451804 -21.947929 -6.880075 21.092945 -24.231805 26.816577 0.727836 -7.696313 -46.047903 -8.784829 -4.371145 10.693039 23.515124 -48.571432 -7.248452 30.695923
14 22.728434 23.091120 0.798567 -21.537597 -12.314845 69.671267 -30.808762 31.811646 33.206609 -34.653457 -6.817962 -35.376561 43.934932 81.503234 7.371044 -45.242420 -22.998811 -88.827562 -17.099668 -18.176935 19.663099 27.908807 3.866909 -36.901657 5.200637
8 53.516370 21.245903 -53.356738 32.167750 -20.693498 5.974069 18.344134 62.889922 15.469571 -65.788526 -26.987720 6.903858 11.336714 20.478091 28.663838 32.878137 -22.077516 -69.138591 57.940742 40.610414 -8.103011 -31.308795 -48.993167 -67.110554 5.138693
1 80.186622 59.545821 -47.465269 70.280963 28.634500 -124.249394 -15.946730 55.278644 38.831028 -16.182022 0.457637 -16.776091 35.276137 11.789534 30.858469 10.443009 75.304795 -51.299464 -13.504371 8.976080 -9.146439 -91.938864 -69.272291 10.362560 -60.444779
17 28.131099 1.766924 -72.020625 14.551697 15.802082 -19.269378 49.657415 -21.970323 -7.912392 -23.267204 5.264670 13.243778 -11.238089 -27.919744 13.726737 28.171824 58.135083 -14.664764 1.299128 4.816553 -12.199227 40.522951 -32.752732 -19.961843 -11.913542
9 72.391607 -137.097677 -38.899419 -37.683329 -45.691534 61.639105 -68.094331 3.171761 94.085240 -33.337360 -0.671317 -3.276786 -67.323315 64.720914 91.050879 1.152102 91.128817 -48.293245 34.720935 3.327504 12.890914 -9.479251 -12.950243 -11.241171 -16.240686
15 -11.519571 23.812745 -66.971715 -23.525950 -8.456950 -0.186255 42.315424 -6.055308 23.254025 -0.393808 -4.513811 -15.509426 -15.746166 6.913166 57.372040 21.632420 35.898483 -51.156420 20.955800 -14.486903 -10.922118 10.649602 29.092018 -33.259672 -9.191570
4 20.196533 9.459008 4.963566 89.768419 53.470089 -6.951000 25.025164 -115.903870 -17.799480 2.173488 -4.294541 10.653304 25.722675 2.800275 10.913450 5.359873 76.211936 -47.949895 -2.585923 -38.884308 -14.136473 43.042062 -62.321767 -32.272167 -36.660338
24 -1.802642 3.494841 -18.485178 11.352316 -19.018606 12.871714 7.385246 -57.719263 30.811906 10.721721 8.347215 -9.758851 5.265548 4.632609 7.197740 -6.474703 10.259946 -5.777053 7.824700 -45.148395 0.249756 -5.500633 12.023556 35.468513 1.778034
4 8.055852 -10.055233 -22.230298 37.005288 16.967355 10.591482 0.410589 -13.697793 25.451055 -8.561313 -5.293701 -4.978411 -24.690276 -10.125172 1.553142 -16.022674 20.207704 -37.514110 26.180062 -3.581755 3.467638 -15.697491 19.214221 -11.171954 14.515883
17 1.008201 44.914449 -64.800955 6.813728 -89.749364 -54.498870 -2.596673 41.789629 2.364261 16.137327 -43.198666 5.401333 77.618019 4.313808 -8.856027 -4.239460 82.215041 -31.465724 -10.417838 -22.935336 57.431200 13.218577 -22.353321 -17.417700 19.304447
15 25.223784 0.189369 -15.937367 -53.166788 -22.955569 -36.585006 -7.861710 -20.835234 -44.170547 1.786599 16.028850 25.674143 27.486854 -3.529341 39.969636 -30.533909 1.513989 -18.523576 36.305830 11.407189 26.494297 27.531231 4.726040 4.469596 5.291738
12 -85.750849 37.731622 -62.802219 10.655135 -38.871783 -44.694070 -1.093761 -58.924656 -3.471006 47.259794 15.771893 93.255464 -17.828505 -48.387616 -15.942796 51.478661 47.631362 -6.989255 36.446123 -37.471517 18.975947 33.836229 30.626844 -19.906982 18.466008
16 -4.975923 17.085528 -66.080481 4.803294 18.054084 -16.952192 32.496747 -75.615904 -18.115217 37.243133 0.004454 69.846187 -51.686842 35.555326 13.204751 90.760792 32.224189 -36.027450 20.657562 24.257917 30.179963 -21.254865 -60.150072 -76.036140 0.521254
15 16.838863 57.086702 -125.611456 -82.431208 35.472034 37.532221 84.453137 -8.820925 -128.982077 35.488010 -29.894395 17.468244 66.168180 5.386480 108.982701 64.619319 34.913052 -54.732901 -37.838414 -110.865691 69.838411 -57.309304 -52.547939 -13.002957 67.789954
19 41.403444 14.599184 -145.485822 28.358501 -37.496639 -6.980693 33.980501 -183.152373 25.725153 -15.205983 17.501209 14.117278 34.841212 36.469109 47.870744 -2.438542 77.922362 -59.690061 135.898793 -47.055528 66.950191 50.418276 17.596453 -54.703184 -91.443513
2 -20.801148 80.529539 -107.231643 -74.066429 32.437047 -53.870397 -15.721823 -19.877289 -26.019338 33.737808 -34.347674 27.427662 -3.219756 -41.217089 22.228842 51.104288 53.161868 15.238716 52.935196 -5.691209 30.241655 -4.681386 62.305631 -76.713124 22.110135
9 -15.777236 -7.677119 -64.653577 45.141015 39.958722 40.810837 26.711941 -34.042083 106.322678 -19.230892 -51.901830 19.928059 53.546795 50.092119 -7.652299 -56.358935 17.063776 -73.793653 7.503413 42.396278 -52.047199 13.619454 -78.008093 8.012777 -9.964874
20 -86.167160 38.386505 -105.630425 20.442240 44.547352 -46.152505 61.694672 -1.029938 33.063181 25.180385 -24.188461 13.824587 -79.910285 127.478762 27.006795 77.638666 35.170017 -120.854433 8.196581 138.353754 -105.625496 45.294139 -2.033567 -84.753680 -39.931586
17 -6.958167 58.225962 -94.703760 -60.853196 -12.704346 -90.590557 24.534773 -37.427336 -68.355829 -12.980982 -53.294711 42.374226 11.947990 14.154441 28.430807 58.254745 160.512609 -32.225984 1.129837 -30.433425 23.094954 45.444242 9.001667 13.682253 9.739843
17 11.516169 0.195567 -19.973363 -14.955705 6.836345 -4.699370 1.074631 -27.205151 14.696693 -9.954204 2.591314 -9.659474 -23.028533 17.145746 0.073186 3.422738 59.540141 -53.637416 30.324643 -14.747812 15.322292 37.076435 -18.470144 2.182787 -5.667450
25 11.362668 -3.987936 -94.651022 -25.681799 -24.944872 -6.080963 8.481383 -1.644097 24.352003 2.715372 7.745434 34.344295 -14.409873 -27.030920 9.174606 21.498469 29.399409 -22.052270 3.287636 13.367469 21.135261 7.032457 -5.509517 -19.917028 52.013957
8 29.519993 16.533983 -16.312034 -3.498989 -11.677670 -4.713925 5.336625 45.856214 -31.860903 18.848071 -18.762511 3.389066 -13.462112 18.227182 4.383287 -11.122792 12.235986 -20.641543 13.861284 7.232235 8.511999 -1.943485 12.155585 -55.634975 -6.460481
20 -19.088424 -4.465056 -82.199156 -26.010310 26.013325 -1.289595 22.514167 -10.944388 -8.040902 20.833291 -0.547217 -29.785898 13.590182 11.167319 24.208786 24.878065 17.089149 -54.423966 13.004487 31.855177 30.636581 1.537094 11.060458 -9.534291 -2.058778
9 22.013948 -3.532185 -14.792381 19.640684 -35.485002 35.341714 2.244681 -43.147082 51.352039 8.072785 0.296740 11.741830 -41.264130 9.280208 -14.792294 33.654660 47.762753 -32.901244 -22.877755 -16.892567 6.790523 5.749984 -9.560932 -0.873124 -17.823773
17 -2.687759 8.524494 -43.425182 6.337837 0.239995 5.487067 17.650267 -34.640630 20.079290 1.802687 -4.521671 5.933377 -8.874031 7.137971 1.548718 14.423694 40.265193 -46.114653 9.584270 5.186430 9.989384 3.165528 -21.820398 -4.368666 9.096850
7 -10.209159 35.266262 -9.236393 15.197418 -1.642964 -13.074140 48.567701 10.283119 -23.205747 -24.053034 -6.904647 -13.101706 -19.720408 -4.203935 45.739944 7.124028 -5.186356 -7.858063 18.116547 -13.427296 25.663827 -12.765898 -24.262545 -9.573331 -7.533152
14 -15.949366 -16.262068 -121.055024 126.564085 18.612028 -41.483490 72.434707 -40.616917 -39.272135 13.038106 -62.286382 47.284898 27.675296 129.140429 95.314630 83.030444 15.518088 -137.106015 25.000417 -10.711899 -24.124051 29.836100 -64.871052 -112.444518 2.733762
16 -7.169682 -11.407825 -80.456865 15.535445 -7.755556 -6.604390 103.508649 49.838418 -3.612397 7.412494 -83.977726 30.490411 -32.804690 54.315143 57.829168 115.913076 73.992195 -68.460285 20.428266 -23.233602 -28.729115 -51.086354 -63.815207 -94.600237 34.450724
7 10.716656 -35.529727 4.548389 65.603770 71.443863 53.940676 135.920227 11.135589 -16.450317 -72.141633 40.308440 -0.505879 44.375110 -92.285053 -100.637605 -115.204201 -72.399131 9.424502 -37.414538 22.571534 43.648111 -46.947809 56.205994 11.178693 8.494448
3 -4.914192 -32.592106 112.918515 32.643181 -32.861377 -57.963535 -5.850231 73.182408 7.392096 -14.840114 -53.697231 -60.639755 28.045684 -36.864575 4.435952 -72.129118 -75.916421 95.015258 27.786026 -33.773161 25.605078 -40.306885 32.698148 74.019521 8.606901
24 22.524700 45.149650 2.603862 -78.007333 -37.317372 -86.006094 58.317617 -103.776428 -56.061410 9.607921 4.883572 -52.335223 39.251660 37.048039 19.512767 37.227700 36.570650 -44.079094 54.833939 -68.995059 51.156290 25.564664 21.665395 67.253488 -6.593850
21 19.538199 85.205005 58.917454 33.977636 3.597069 -9.161001 -57.967592 -16.688138 -95.090636 -105.466631 -8.939438 -14.026088 -17.250523 -18.104964 -0.698016 -104.423792 -25.730305 23.627046 5.589949 47.263525 119.230726 64.704121 10.004947 -9.987372 11.878834
17 -70.467647 -18.411308 -152.706669 82.387398 -106.882577 -72.315654 44.156243 -76.548224 -22.994062 -32.878465 2.735568 18.673040 -92.821594 -57.652235 22.821392 6.842410 205.704562 51.009608 -1.165716 -34.490902 111.218661 -21.920646 40.859343 156.716046 18.131520
6 -14.585327 -9.038518 38.317879 82.859482 14.920109 83.081171 4.748152 -41.842670 10.914599 -19.239141 -13.127837 -4.705614 -3.165001 -22.549277 -16.610818 -57.537419 16.382669 -19.496414 -10.017706 -21.795223 -10.544113 28.630160 -9.006612 3.144562 -9.736984
13 32.289869 -16.636470 12.178638 14.410925 57.939009 17.094281 10.051750 23.531346 37.412239 -29.139210 6.130154 -75.147308 65.658411 -56.535645 -52.484562 -24.948840 -57.869350 40.061642 -21.943470 0.486272 26.067831 20.175005 23.323749 -14.174455 -37.931741
6 -40.471713 -9.657180 -5.145711 -14.442093 75.485621 89.724133 -31.605032 9.857752 -78.076526 15.493262 47.632615 -8.239761 -63.716016 -51.423638 -4.102417 5.829066 1.906192 16.015348 -96.417689 54.414244 27.287258 -22.867892 9.249521 33.336720 39.934019
13 -53.791023 18.161252 60.128160 71.349280 9.732010 23.325696 31.862219 -39.327412 59.889330 -80.021962 61.139068 -106.859310 80.148141 -51.579690 5.134036 -124.666008 -17.660347 -2.148842 -54.133598 39.925078 12.489435 -81.306791 54.778750 66.283876 17.148751
4 -64.988601 17.767850 -87.060066 69.574245 -6.035404 9.563701 16.725577 -26.734934 -90.707290 -24.654849 12.077289 64.111145 -22.708354 29.514106 4.684056 32.926333 37.115128 38.931786 42.314346 3.802035 -9.326761 10.967670 -57.402928 9.805860 -10.261868
9 11.133212 -35.303227 38.365886 26.685680 -75.224916 -99.201084 -21.686923 43.999512 82.383149 53.250043 -1.593588 36.222154 64.514034 -68.310512 52.849555 36.098297 -82.068169 -25.030186 10.449103 -74.816252 53.824913 13.580252 -57.892966 -35.848843 53.620963
7 -8.845412 18.372188 -34.140842 11.661170 -56.503982 -49.210219 63.525066 34.551548 -10.818729 17.487063 14.225228 17.401968 33.422230 2.612626 11.073408 26.653086 -0.100819 -55.649924 37.056243 26.119101 -28.175642 11.731760 -28.601113 -44.906667 -8.939275
20 -12.246389 -5.159426 -24.344015 24.166579 22.827441 -3.129885 44.916906 -3.419874 -53.000321 31.126841 28.408929 -38.247767 1.243205 -84.202740 19.932800 10.077288 -28.857192 57.131753 17.547453 65.170575 24.035347 -25.680812 -37.969735 -21.650036 -8.676839
7 -10.050496 -6.837103 -50.530051 43.425748 -6.169753 -81.648940 117.214239 20.733319 -117.662487 13.597075 -4.684819 61.956307 -15.514969 22.050949 -6.481527 32.941677 105.838065 -25.858676 0.694319 19.792638 -43.073991 9.412626 -45.184484 -56.843065 22.883518
8 -21.849637 -44.897309 57.786834 32.940977 -33.537111 -11.687878 59.784993 137.558095 -29.483530 -7.585995 84.147569 -54.177649 -23.194825 -39.700035 -57.576981 -78.032049 -116.525189 113.298750 12.886528 25.151964 12.949570 -36.840583 -0.400362 1.285622 17.698357
16 -15.131485 -0.496278 15.110487 -7.966184 -46.038553 -19.428979 22.420152 -34.059116 37.105146 39.424332 -22.362383 -63.190526 -48.585148 25.389304 27.001929 102.572622 1.512010 8.354100 -28.676816 35.626890 -17.579041 18.851015 26.609826 -47.698298 -8.764927
22 80.123832 41.087623 41.103990 -19.658382 30.032067 -12.654320 18.044230 -30.446526 -64.581487 1.883245 -41.906517 8.309029 -117.525906 -21.026081 9.999988 -14.442089 62.767842 3.326041 20.509275 8.559121 -42.870577 81.416030 8.516908 -70.226173 19.658938
24 4.933622 -29.496517 -43.532936 22.689787 34.501575 -77.932599 54.858263 -51.845737 44.631118 -31.067386 12.171140 -64.867323 -44.182183 34.329979 29.265653 38.175861 -59.522675 -25.500888 -48.722474 -58.948905 2.191256 26.643182 25.174321 123.669835 82.384057
2 13.470264 59.482951 3.644818 34.684472 -18.214954 1.957130 23.098030 -136.314923 -21.807160 6.506909 -18.575486 25.997066 -38.066954 -19.541670 21.322311 23.462813 33.179270 33.816841 -1.085931 -72.897855 58.270972 -24.478785 -24.059256 53.305343 -17.156119
8 46.717021 -43.623120 19.682444 -17.793336 -40.701460 -20.643754 0.026289 94.270374 -10.447296 -6.695668 -21.992210 39.061080 25.400577 37.124966 -1.380648 2.144308 -59.472023 -56.388770 14.343946 33.499817 -68.612993 -4.871392 -53.403619 32.001426 61.754118
8 -22.025054 7.907565 14.064063 -17.212952 40.498149 -43.156213 14.752549 56.621098 8.971626 -11.142174 13.362790 6.147173 -25.333096 0.165419 10.755602 0.064484 42.557480 -26.994307 6.699337 -23.679176 8.609854 -15.153649 -51.138058 -6.376693 11.034263
9 9.347433 -51.262584 -43.106556 29.634614 5.188668 5.523334 -56.706058 28.579213 104.211268 -17.182171 11.110181 -41.832423 -23.232022 -39.296484 5.253064 -13.891177 -22.278671 15.691907 41.214395 -39.832553 73.525437 -4.212143 26.534696 2.482264 -5.463527
12 -12.707882 5.217136 -28.932939 6.251045 18.079415 -3.024727 18.555811 -33.680928 -56.780578 -0.648401 7.693027 43.694688 -12.991937 -43.198488 41.691345 3.432650 19.351604 22.371321 15.493633 -31.190179 15.780357 -1.891459 3.699114 -26.516619 30.253074
9 -61.385972 30.834938 -34.367495 39.211808 -11.094520 13.740045 31.830554 -47.013598 116.395829 16.031506 -11.108106 -14.957854 -12.682821 -18.174162 -63.210163 -25.899970 -31.494364 -13.136148 65.433966 -32.966000 8.043843 -14.194721 5.729619 47.493350 16.940518
20 -9.004181 11.971594 -29.458089 12.560327 -31.218278 9.454925 47.764628 40.023393 21.422819 -41.009630 20.708782 -49.998371 -5.590525 11.889327 -46.814729 -27.665743 12.587840 -29.708916 -14.307507 128.502214 9.888563 -76.991839 17.766560 -10.494678 27.721599
5 -17.723710 -6.972081 25.456061 22.056982 45.301321 -22.568476 -17.946937 6.846931 -17.148987 3.553800 20.281870 -61.172523 -4.274273 -35.736544 10.725569 14.753599 -1.430269 -18.524482 11.800646 23.484072 -10.649860 -2.253338 37.144739 -15.940379 10.936350
17 -12.494659 4.699366 9.947888 3.237486 19.308171 27.237062 -45.256493 -24.805592 55.322864 -37.273458 -63.816816 -0.773463 32.236448 47.999734 33.374679 -49.149278 104.611510 -42.923355 27.331083 -46.353789 11.359659 13.189183 -32.168866 -35.849492 1.010208
25 -132.639387 2.131927 -49.621494 8.492884 26.949819 47.630798 -5.023948 21.196696 57.028630 -11.641817 45.559600 -57.339597 -34.694334 -20.600510 42.551186 -22.043220 -32.891340 10.180824 19.890002 21.783484 -77.230918 13.898158 -29.348451 38.009950 117.771171
6 2.351691 -2.364733 -16.057170 44.508015 30.373616 45.545230 -30.918110 -53.906671 -7.787633 42.580712 1.303207 12.917154 -12.037999 -2.011883 -31.572445 -6.628180 36.964335 -15.445370 -9.533181 -8.789098 33.151317 -3.462627 -9.237280 -2.353392 -37.589428
12 1.932417 3.494932 -132.428248 -20.385129 57.225390 8.894186 -10.325422 44.725218 -28.105843 -4.029257 -10.895371 78.885714 7.258462 57.639446 -24.293912 44.180533 55.818570 -107.127638 -17.336181 -12.620943 -45.243082 45.573136 11.219133 20.395235 -24.451242
21 -31.083605 -38.127358 -57.615297 59.935676 -13.011127 -78.781207 -14.862116 -221.492981 41.179504 103.185816 25.935033 -28.099671 -53.240129 -40.265991 24.751047 -28.311089 55.433165 -61.201755 57.603718 -69.067914 138.296721 10.948673 134.595998 5.794079 77.500904
7 28.558621 10.387275 -27.971856 0.565112 -3.480756 -27.121740 48.383469 -41.823953 14.610430 20.351328 -39.546378 -8.598269 -14.629010 11.786466 18.342373 23.055541 11.179619 -5.408241 -13.399093 -15.175956 22.818697 -18.429081 -3.047161 10.329426 -1.736800
6 -25.147073 22.063746 -57.539981 24.413073 11.738989 56.033234 51.849255 -13.253123 -37.964294 -17.146431 2.104710 -7.075111 -8.385295 7.386685 7.445370 -0.449424 43.215616 15.936659 -14.518365 -45.993635 -3.117160 -14.001502 12.979493 -22.138201 11.562841
20 -7.767412 48.446112 -41.238490 15.790668 79.809984 19.670342 73.004220 58.305629 -45.117771 -29.199156 -13.019713 -36.191871 -14.283967 2.070496 63.786028 13.752743 -42.951058 -49.054965 -2.834496 152.980340 -1.075437 45.156137 -55.452313 -149.679846 -84.906116
14 -57.342298 -128.386951 -122.977962 -5.197163 -59.927638 -72.809494 53.953371 -24.477609 32.709458 56.583105 19.194624 113.445697 -12.277995 236.278166 -42.943103 102.960724 55.926418 -98.394086 -33.799281 14.868557 10.008915 69.887230 -94.167565 55.637493 -68.752604
21 3.041794 33.043009 -76.179830 -84.153014 -0.011874 22.455536 3.279937 -3.108850 -3.487830 17.542025 0.780079 9.315174 13.246044 -35.828829 49.544082 -6.619963 39.140177 -58.904265 -14.913663 -9.981154 84.564129 1.235601 18.711660 -17.374756 14.664876
17 -34.825125 -25.721859 -107.268877 34.840312 -17.757011 -68.195540 -0.757245 -30.008222 30.682290 38.986561 -22.896371 -10.304291 -5.703514 73.560059 -13.923896 80.166206 132.071009 -61.543954 -45.109180 8.198383 2.570688 -2.273927 31.803976 -14.550972 27.960578
25 38.287941 -40.355769 65.023385 17.018023 -3.261043 -80.259037 -63.024068 56.492662 36.450096 37.352931 17.567012 -90.827565 -19.326991 40.357675 -59.673491 -79.225993 36.111546 65.379278 39.048481 18.363179 13.835013 -68.012483 -86.770879 -32.391103 141.841300
5 -53.855220 18.011456 -12.409472 -1.055335 60.719833 -4.399195 31.644623 -18.968175 -47.685292 37.299974 -14.447317 -25.001362 -49.820439 -41.994552 -10.566176 -9.167544 21.676835 0.704581 20.785874 -7.679307 7.542131 3.868008 49.874590 9.774725 35.146809
7 -18.383134 5.593321 4.260234 11.530708 -24.242100 41.726284 60.686602 -26.035575 17.310036 -36.504812 16.010242 -6.966520 -0.935728 -11.709633 19.080272 21.432468 -23.033101 27.187711 3.688062 -38.207001 -11.136336 -4.332109 6.493131 11.778928 -45.291871
17 -91.508455 -35.094019 26.980098 88.625628 67.532456 -44.245352 40.656371 -75.408071 74.595688 25.301862 -85.487665 -12.410520 -69.385228 34.865078 -77.245122 -20.013309 177.186924 -33.441804 56.595085 -99.910654 98.991700 -63.447842 -31.086740 -72.463031 119.816983
8 28.438441 -11.836878 -86.824020 -23.646117 70.443180 27.589397 -29.044124 124.879221 103.975281 39.865541 -27.501358 34.163698 -13.556644 -79.792150 -3.557613 -92.831191 45.878568 -60.030565 28.400465 54.676059 95.501324 -77.713497 -74.660534 -29.822396 -42.994000
18 40.680562 88.714119 -165.314410 43.894643 167.872243 -127.145555 51.175930 -39.055696 -70.082040 5.962115 114.098763 -156.019365 -142.857422 -0.902068 -12.560823 -4.497611 -64.025962 190.970695 -69.759863 125.873952 -7.488756 41.099269 -91.279343 81.153242 -0.506550
13 37.633767 4.165716 -64.371425 -0.091592 -13.977943 -93.942455 45.667280 6.597866 7.349710 52.333137 -80.823349 56.010629 144.659801 7.685860 -80.917378 -64.664112 69.720685 -85.520832 13.501635 16.360356 3.070190 25.753192 22.362676 -87.277767 58.714454
2 -2.449340 176.775540 -187.545070 69.859094 71.840068 123.625689 13.150214 -90.598885 81.989244 28.780252 -5.995527 -102.517495 -121.836808 167.871002 50.813713 -11.802447 78.914765 -102.049639 123.375392 -68.801305 -138.448101 72.700404 -113.098379 -56.142863 -58.409490
1 124.578011 39.785934 -48.623635 -69.652774 24.948262 45.679254 18.749179 -130.285502 103.290447 22.215003 -3.331051 -32.076345 98.679910 -6.864311 -31.097500 -15.300540 -16.052704 -84.959746 40.444336 -52.826650 51.549367 -38.028845 46.372917 -81.642275 -5.550640
20 8.956655 36.982901 50.022770 58.767854 -4.621965 -59.293276 22.187014 -33.569620 -120.538772 -36.039608 -28.133559 -30.323825 30.045408 40.908387 63.939560 9.150660 4.209779 65.916408 -50.849403 101.321497 12.721225 37.175312 -23.191341 -147.060134 -8.683847
16 52.721529 -5.167593 -134.882478 -9.476765 1.922519 -1.053708 56.990347 -35.683818 25.389452 22.863731 16.237351 95.907401 -81.878859 93.415949 62.298626 110.784470 84.251027 -124.551127 -35.523650 -15.877148 -32.039554 31.543757 -95.998172 -55.459914 -26.733256
22 -45.942034 63.768410 -100.693986 -33.170005 10.657665 28.126897 68.336294 -51.354133 -1.928422 60.219174 57.421860 -64.571433 0.791593 5.789655 -14.103045 56.551930 -27.175052 -46.357512 -5.816640 63.895078 -153.297590 93.003338 27.482456 15.201716 -6.836150
3 63.357146 -31.350181 87.839470 17.072016 48.092204 -47.138759 -2.772899 -14.187670 -47.972580 -25.630048 73.566238 37.452105 48.356484 -20.625931 -60.348740 -82.242948 37.842776 8.843769 24.248177 27.009448 -26.314116 -20.419064 -29.361690 -27.314958 -38.000179
1 98.837090 44.672658 71.826361 -28.073449 39.508862 60.203937 -27.341916 -82.747100 -4.558059 39.473148 3.678944 -8.352682 9.028527 -39.679287 -28.318174 -40.361002 -13.015348 -3.843464 38.644885 -66.762651 5.810860 41.305194 -70.921469 -19.601408 -19.414408
23 -33.180862 7.842365 74.822465 32.344823 -93.045525 45.193419 -31.078013 39.960594 -43.844752 39.214027 67.779029 -70.355919 25.405548 -38.895961 6.295476 -73.780800 -19.201120 43.273333 28.921516 -108.214396 83.328084 -34.425304 107.304856 -3.056625 -52.606208
6 -34.891308 -41.643780 -27.995030 26.881904 48.473855 72.781831 -31.554063 28.447332 -14.457880 33.218568 42.594167 35.919057 -0.377984 -38.947346 -3.279540 -42.780739 -6.536419 31.934261 2.191250 35.947264 -14.477428 -19.783236 -13.530100 -50.885577 -17.248961
3 -14.997051 16.410667 54.494616 22.855727 -23.858640 -36.002413 -40.687525 -52.890468 -2.793399 -32.987367 32.528098 -11.197328 12.996388 -43.708747 -14.988826 -9.433482 21.414661 15.343720 54.158090 -16.167411 5.556005 -6.243280 36.169444 51.236415 -17.207856
23 4.459934 14.864117 -48.544013 36.531554 -72.947446 13.364469 27.334342 -30.915677 -18.633364 -15.556590 -3.689749 -3.428539 20.759900 -32.826211 41.322309 -13.535025 9.698688 10.952960 -10.105905 29.352852 4.903437 -10.046944 113.582091 -46.152226 -20.744882
10 14.851242 -7.376300 14.743110 48.779280 -20.495579 -7.831921 42.091377 -18.280009 -55.771692 59.694173 28.889580 -46.530457 -23.057652 -27.653066 -29.972058 -18.373436 -10.257365 8.723769 -23.673506 -42.040999 36.588440 5.756231 42.252128 46.884801 -17.939993
17 -3.940913 -27.254539 60.391766 -121.238238 16.274004 -6.680209 7.778602 10.664192 1.620246 -9.386671 55.317283 -11.633744 -50.485246 5.329901 -28.375848 -7.863665 92.984609 40.695658 -6.429769 -17.045717 14.805475 -0.846008 -24.649586 -18.810678 28.779159
9 -8.335814 -24.280755 8.216962 -3.412353 47.694334 1.682211 0.720899 -32.938329 63.691953 -26.771146 -31.514028 -1.322402 8.690283 -31.362744 14.808948 -22.792171 54.983365 4.727306 34.059182 -39.086206 23.197862 14.233353 -2.602481 -4.930341 -47.357816
25 9.183082 2.690924 -77.353637 24.069520 29.426202 -5.472688 11.387949 12.659354 -40.057117 12.308004 -9.959573 43.288571 -12.530554 -20.598343 -47.639319 8.090926 0.362403 8.634230 -24.330108 29.718963 14.891500 -44.217711 -6.816677 -24.099585 106.363780
17 -12.822626 -48.201477 -109.643601 6.455334 -35.760741 -38.598611 70.844701 -8.826338 -63.871827 12.562695 54.541889 60.616188 -12.162099 11.631404 -59.744801 47.373383 81.136736 -0.823160 -25.223364 35.641482 -58.186712 38.701666 -8.465073 6.606196 56.218840
3 12.039317 -60.606276 106.984650 -7.107628 67.522034 11.416806 40.836504 -24.543863 6.571570 -27.163443 61.366018 -93.496048 8.534493 -85.056076 -20.007351 -75.548771 -119.627363 31.191117 -3.033649 79.550593 34.777341 -108.446145 94.007177 87.475403 -17.636316
15 49.213665 39.437204 40.513353 21.914417 -17.239475 43.336486 -23.170567 -30.224084 53.805187 -47.265093 4.979735 -22.811044 -9.947613 -68.162303 57.198690 -6.590231 -41.800511 56.636951 41.826825 -92.023887 57.059336 -12.285656 -58.466664 13.913860 -49.848548
25 -42.566408 37.801988 -19.596998 32.878774 -3.666650 5.285230 -61.546997 -76.294144 37.420564 24.150113 3.927861 -21.163939 37.555494 10.159936 23.414048 22.182129 -52.108568 -35.126678 17.743454 -20.357209 9.492670 -29.005992 4.182162 14.862036 80.377181
13 -56.620987 -19.415081 22.558668 -13.491099 17.773709 53.452560 39.498540 61.703994 37.342552 -59.627155 -35.890269 -66.589560 85.078121 -22.893206 0.323712 -80.839609 -82.860694 -2.372118 13.963317 5.257560 18.304010 -1.365435 53.251566 26.627100 6.829863
9 38.329683 -1.292733 48.440847 -30.557057 12.745325 -2.273638 -26.189080 -90.879287 118.061121 61.233506 -72.709507 -10.289410 25.586122 22.362036 10.757675 -46.676867 74.462224 -7.229635 9.559175 -66.639525 29.986316 -52.356341 -74.309862 28.657861 1.221125
2 92.902267 93.333525 44.684533 -118.489176 25.277280 -78.178620 -16.331128 17.746119 -3.847932 -48.616649 -46.845940 -44.479983 50.066329 -22.186369 22.840624 26.178775 -18.265352 30.251533 -86.642093 51.928297 52.977922 -60.061453 -40.393781 81.721857 -5.570480
24 -1.463916 2.665894 -13.060926 21.212765 -0.143166 -48.660189 -11.900614 -63.881782 -27.877266 24.332233 38.493361 -23.826358 -35.612844 -5.107661 -17.251056 16.148133 3.240967 36.261269 -42.328747 -66.627215 31.230029 44.394530 21.020448 92.506311 26.235855
23 33.420502 26.931735 -64.580696 78.007269 24.909091 -24.637234 -20.402847 -51.355809 -52.551673 10.659224 13.345737 65.326351 45.396533 -86.673733 -82.025117 -72.619334 46.752313 11.523534 -33.767324 -2.252649 53.225419 27.945207 79.433342 -40.593844 14.584092
13 32.080780 26.887232 41.455779 -30.166655 5.615468 37.006595 -8.014815 -101.559820 25.608296 19.262481 0.364764 3.357665 53.331190 -50.230873 -2.363062 -63.769253 -24.398732 24.568071 29.996397 -15.877007 23.112267 -5.036064 -53.465497 3.954028 28.280812
17 15.783101 43.015420 6.034023 -21.032490 -45.414141 -9.185174 4.223787 -16.845218 15.027262 -6.441870 -22.900466 6.107305 45.560145 -67.176766 -51.562288 11.414653 83.904533 -40.519695 -2.557062 31.019719 -65.465936 58.755792 -12.612875 33.100139 7.768204
1 99.851560 21.383897 51.067506 -40.002696 88.501391 -0.324653 7.363419 -27.858177 -4.246550 14.414615 -49.043225 -10.619367 -31.383617 -50.439502 5.536468 -20.659577 21.327022 -42.586752 34.976938 -35.206440 23.363404 -23.094044 15.857227 -42.209951 -5.968848
20 -29.714524 23.947702 -4.218414 7.531940 -49.763787 15.213050 -16.678033 7.708871 -13.774694 -18.594918 17.486342 -41.185340 -15.136291 3.438335 18.459357 -13.090126 48.227073 2.018077 6.391988 77.837871 -45.151545 50.512900 -36.847663 0.536894 4.844979
17 -46.403362 63.092643 -35.248197 -9.699804 5.269658 -42.870995 31.635357 57.454156 -37.752515 -29.548731 20.746929 2.720495 -33.695573 -8.380296 -31.581570 6.814096 72.884884 -43.629924 -28.499344 34.651037 11.986674 14.369955 -7.233344 2.770766 30.147079
20 -33.507755 -17.838443 15.575705 51.042590 -32.557672 39.284513 -7.232839 43.525058 -43.308558 20.217136 -2.587769 -12.701979 -9.676401 42.233371 27.588197 -8.498829 -23.769629 -30.502375 6.293936 59.826239 -50.051993 -7.441704 5.336862 -45.613773 14.366159
23 16.114329 54.043178 43.004847 -2.004341 -0.594945 -38.381074 5.029060 -5.960029 -99.009848 17.281929 18.326099 -86.006066 14.539442 25.778227 16.824396 -32.423753 -1.476391 64.050186 1.399570 -15.605622 58.481039 -38.891242 96.097338 -58.618674 -51.997590
10 -37.074253 39.361682 43.202204 40.223842 1.210435 -15.032765 3.463880 -43.518782 -8.273716 43.594155 38.824485 -10.703180 29.927286 -60.062347 -53.918820 -3.905105 6.751787 40.300476 2.774230 -61.935512 37.014675 -24.269431 -6.177371 42.854874 -44.632634
18 46.779095 1.952462 -10.919183 0.750837 -31.651375 6.359469 -8.230263 -104.307955 -49.640438 35.281460 -44.818769 20.873284 -49.402101 4.311741 15.038706 45.774181 -21.091445 66.199110 24.184826 -14.236512 61.564458 -35.293081 0.405550 0.052344 40.063712
17 -93.791140 -13.774577 27.902732 -13.291476 54.356790 15.341004 -34.403909 -52.709985 -80.639803 39.197342 -27.319209 -70.582165 50.840541 38.533838 -89.869575 -79.232209 118.657888 -86.434535 47.203089 -1.656388 18.469476 69.233120 104.291252 60.467527 -0.789561
23 -51.609015 -43.286440 3.584947 46.261197 0.302940 3.087483 29.987435 -29.620130 39.423532 -6.480848 1.628056 9.446266 26.662458 24.269845 -44.408915 -9.043485 21.172760 -44.184236 19.942875 -19.325099 -8.283007 10.655481 70.645443 0.600939 -51.430418
14 -14.368595 -142.893529 -84.655359 69.759759 -33.292291 39.551188 -84.989157 -104.907877 -8.850024 29.382834 13.882644 55.960725 7.640967 96.806540 32.479781 32.742471 6.731840 79.846648 -79.723768 -4.747013 -43.163769 13.099368 -26.634053 79.423672 70.917102
