1 256.906552 75.871517 -11.365543 54.362171 19.130629 147.487844 71.714376 134.944077 183.353060 -307.212361 -60.547453 -137.756179 166.326905 -178.100609 -103.688606 -79.166601 131.798471 -77.940575 -145.210356 -71.271268 -113.750991 82.301779 -70.125547 52.780730 -20.842039
20 158.812228 96.521179 -7.638916 134.060448 4.427437 64.971440 22.147419 -133.499947 -120.079066 -59.163663 -76.157816 21.748615 105.874685 -64.223689 122.255239 -84.814704 -43.699556 -109.887469 -34.098299 215.146649 -19.424233 -85.082693 -71.309441 -98.035894 61.150025
2 29.709549 144.453080 -74.428334 21.241193 38.319067 9.395119 23.261052 55.724756 57.275046 -156.148202 -117.581090 -73.299150 -12.100593 -37.205040 -8.286670 -13.705084 10.838865 -118.329373 82.773188 85.648099 -26.828076 6.764768 66.224913 -67.499681 73.782582
2 435.292298 442.173197 -14.747482 88.622705 302.646841 288.033085 48.319195 -178.044754 -110.359930 -306.882343 -196.835851 -125.841573 194.367047 -128.268502 22.159885 -190.920991 2.680442 -454.505676 177.009473 140.086896 -127.434867 -107.634757 -101.147454 -232.215946 133.449023
1 157.083704 47.441180 9.757834 42.842278 153.352599 30.615914 -9.847688 52.033819 76.329859 -204.234378 -83.177355 -45.788345 83.437204 -125.197310 -59.639684 -119.416138 25.482130 -77.180846 90.336225 -32.392541 -10.601673 30.603104 -17.533135 -8.420962 -5.885810
13 228.737377 137.068449 55.182932 27.063099 119.793537 -5.801291 -38.577238 -10.484524 -41.156143 -132.688172 -80.478324 -126.888709 261.980732 -120.543562 -70.296473 -19.886058 47.836665 -256.578885 14.614507 135.449537 0.133168 -32.220589 -25.175399 -54.297313 -12.787342
13 82.562305 9.921892 37.912443 38.773656 24.180935 49.477352 -3.362844 20.805456 58.591772 -94.126759 -6.926095 -22.519081 134.981004 -108.900125 -91.460543 -43.628521 -17.740117 -76.301483 -5.826921 41.424194 4.294447 47.728644 -100.587018 45.193452 -24.468055
1 290.718487 59.000329 -95.656817 135.192070 61.964623 44.327446 145.148046 -161.822409 -164.923069 0.540378 -53.249993 -188.419113 199.245744 -128.487434 -98.063728 186.307247 19.910945 -117.860763 -193.328615 93.116694 12.330379 -18.261614 2.333645 -165.069413 135.006900
1 416.569902 259.449684 -159.673812 177.748653 38.587470 289.879227 25.966014 109.540499 157.274053 -322.234945 -67.567180 -138.803300 54.648320 -263.359858 -57.547244 -141.359875 75.797072 -379.610915 54.146372 27.110405 -38.747766 29.930061 -125.112682 -162.535727 139.905538
2 137.166858 200.698097 -67.495297 97.174257 41.160217 174.617812 52.405676 -23.190718 -74.141180 -221.346324 4.935102 -86.677909 154.592473 -61.581328 -78.654263 -156.635710 -12.148692 -203.022128 173.009380 133.298201 -71.537777 21.942911 -93.088019 -39.376073 -2.105591
2 78.988963 151.032578 -20.094679 -40.250853 46.463293 -9.868837 -44.267926 -6.670577 -84.096820 -63.474030 -80.835282 -63.248811 75.574423 -105.039776 17.160789 69.546696 -39.830315 -44.281673 -41.861348 127.104392 22.956296 2.382123 10.795894 3.092132 38.723338
24 1.461341 176.107545 138.499936 -39.016712 -0.248420 -45.165007 -86.549509 -31.981911 -115.031469 -36.798031 -100.827506 96.160618 -5.975203 5.048220 111.900733 -40.865334 -92.246905 -98.356333 -15.953190 30.445414 -35.272019 -37.977067 -23.137832 188.468265 57.310369
2 122.477843 205.098145 -106.105903 -37.809250 -19.225853 18.704778 -66.617841 -72.527167 12.077061 -149.195864 -29.008961 37.193838 85.891509 -64.754391 -30.557797 18.767000 -36.171262 -130.611982 4.055635 137.335868 4.185803 -10.691286 65.260266 -28.287382 70.517178
2 401.533291 581.669653 -29.066575 55.683108 116.365343 96.382145 -84.290834 -30.999090 -187.753391 -379.766615 -179.485951 -176.106387 375.507933 -214.705514 -144.762391 4.255332 -5.564025 -374.338420 -59.565968 324.240302 -121.760590 128.719807 38.764733 -256.273892 121.317958
2 77.927907 137.359501 -2.976519 56.425460 120.363219 57.038676 98.191412 -4.995872 -32.409523 -164.190096 -68.197552 -80.624683 -2.534450 24.142032 -35.099406 -51.096700 -35.135194 -100.634972 -2.283608 11.175341 27.427765 -88.003888 34.551469 -45.323948 68.903614
2 32.611345 113.768944 14.096874 33.742820 -2.660040 -6.929704 -64.511553 0.909736 -13.791157 -49.441978 -18.638467 10.300358 59.854396 -16.882378 21.394128 4.159899 -60.961961 -76.932017 -3.278412 49.068643 -5.040138 -56.379552 -48.199072 50.256186 33.483097
19 29.722966 105.813132 73.209964 34.972509 -32.569733 15.492755 74.881443 -5.315455 -197.175969 -19.315971 -75.078281 -133.311384 39.095846 -38.935139 -46.449798 -35.378116 -113.615070 -54.136189 137.589712 132.410600 35.050314 43.946510 -104.808189 117.449739 16.453786
2 47.860230 89.490977 -15.075515 18.567233 35.249684 16.796932 -40.852389 7.733266 5.666878 -112.480049 -22.185677 59.324677 -24.073566 -92.082667 5.233612 1.857636 -56.530093 -28.023699 -42.488583 -0.289836 -26.178926 77.838315 12.974228 44.505993 37.161334
2 135.230809 219.177302 -61.905110 -151.369210 -57.434147 -34.212316 -10.485636 -25.791412 -39.720117 -109.223866 -47.278148 76.893765 44.131403 -128.919131 153.869385 53.867299 -27.818828 -86.856266 -70.977392 137.074373 36.348913 9.346895 -41.872740 -15.922370 43.846533
20 91.423441 169.427244 9.437090 32.654621 90.644123 -87.096883 -72.654105 -64.236463 -80.243657 -91.304590 -65.623430 37.392136 -23.514651 -157.585786 47.484289 123.411014 -7.874335 -77.701428 -69.647283 171.511843 -31.927079 37.775851 23.506291 -47.545096 42.286835
3 -4.596398 -81.478338 175.872945 68.852988 -13.869641 -1.571334 72.488982 13.518595 -79.485037 -16.705977 -16.209466 -118.955345 49.778064 -68.938105 -48.064135 -38.843657 11.299548 61.118668 34.208270 55.641900 -9.528053 22.364879 -73.691181 -24.394232 31.186046
24 -12.655325 57.201648 48.881833 -35.751034 100.310938 -3.121258 22.155002 90.731945 36.376947 -89.722406 -68.386334 24.292972 36.197312 -147.320405 -117.173429 19.789486 -50.852758 -135.343620 19.283221 63.569213 -55.852375 68.583572 22.015521 107.330701 -0.541380
3 -6.236586 110.799628 214.539419 -26.697942 77.503976 -1.906841 -54.202861 -35.862317 -57.512653 27.122943 -39.453739 33.033346 78.664821 -37.889097 -70.115945 77.067805 -71.988555 -125.563719 17.125261 -7.334773 -87.547888 14.105934 -93.852738 72.953539 -6.751023
3 -40.700330 37.862575 245.971413 62.993367 72.582061 -21.746750 54.228265 -12.162152 -91.208721 33.169713 -90.091074 5.792152 58.872493 -58.637239 -102.466612 -37.689268 -62.273151 -76.187606 59.269355 30.139208 -28.289145 -84.115966 -73.395043 139.542927 -21.460481
3 -95.394006 27.059582 193.520458 -23.711831 69.286768 11.891714 17.650615 103.233677 -36.688645 -49.128365 -54.415329 53.320621 -64.325351 -32.219942 -74.373705 -47.220612 -120.409250 -2.950733 -8.477978 -136.175354 -16.591105 74.202440 -10.331801 118.308444 103.939672
3 -43.147479 -39.024654 350.750029 131.138558 87.616443 37.473591 70.627975 13.905763 -175.768415 30.574318 27.504056 -230.161697 58.920578 -23.161472 -170.693064 -63.303280 -75.336723 -45.975923 11.344448 -41.369219 -32.576947 -17.544625 -36.585176 76.998467 97.794424
3 -97.759694 -42.444218 389.093964 251.461293 -27.961429 -80.986856 -39.008923 -49.562694 -225.331391 187.899884 -9.941320 -189.769113 188.228657 46.543931 -244.711659 -46.527028 -14.669914 21.962064 -43.862819 -79.380136 22.557112 29.464207 -62.367124 86.694489 30.378700
3 -26.542158 -22.935111 103.699400 -0.878713 3.423622 -20.590678 0.966362 24.376869 -44.981566 22.090840 -36.731898 31.720023 26.095076 -49.559392 -49.061638 -4.601758 -27.400171 6.570857 1.469652 -4.167284 -8.274081 24.865063 -42.365233 89.248803 3.563110
3 -1.046781 48.320601 177.090138 121.878800 -1.735171 73.218251 -26.500585 15.835946 -59.144967 -35.889536 -85.566506 101.317651 -42.110339 -5.162538 13.414106 -81.332159 -118.105891 -77.225193 62.890030 32.722426 -19.520518 -10.545154 -77.729092 30.293575 -35.367103
3 -20.403348 -34.711571 115.999805 38.733492 -7.864052 22.004676 22.148890 -24.509926 -93.896889 99.105897 -62.256487 -27.661913 -28.147529 13.805762 -25.253273 5.311353 -43.602515 -12.697524 16.622979 6.427522 62.157498 15.788393 -37.740292 8.520326 -7.881280
4 60.482712 23.756772 -143.162296 189.913958 71.633912 144.150038 80.491973 -115.112611 -76.086405 -84.754216 12.470911 16.725659 64.725883 -31.457832 -71.434398 -25.799158 -21.398441 -119.162324 58.765903 111.106142 25.297328 -65.460213 -43.869440 -99.378139 37.554261
4 89.291547 -25.424343 -48.044912 283.067078 -34.011611 162.830596 70.464332 -67.083013 1.056601 -93.558792 70.336402 -22.295272 104.581043 -12.878099 -20.288270 -76.789033 -51.956182 -83.739131 17.774306 155.050323 -81.700639 -48.600213 -165.632694 -130.654909 8.204866
6 29.678544 42.008772 8.980877 69.575029 -35.487703 90.825993 41.836685 36.308470 -32.359138 -74.092011 -68.588785 -36.192467 39.344241 -25.451223 -2.556669 -9.145854 -29.480789 -18.441216 -29.446090 15.638228 -17.524816 43.633972 -19.477058 -29.471000 9.884005
19 -22.693704 -49.090089 32.552156 59.129827 -9.932934 12.562733 40.765172 57.662548 30.293928 -30.261334 -20.551368 -22.701287 47.169899 -30.829075 -93.543689 -16.587662 26.056962 -82.485694 76.362024 27.043317 -19.180021 -5.126967 -9.175656 -8.861901 11.422803
4 88.479488 41.890480 -93.404241 293.841725 58.636165 204.841716 52.472047 -31.216569 -73.285790 -115.776872 -27.094349 -43.806580 97.465714 -106.201802 -94.685019 -31.783093 -3.110488 -231.489524 1.618987 165.000747 -82.357751 4.575580 9.630048 -163.779537 79.538895
22 21.241513 -15.197402 -74.776749 41.539860 -6.699453 30.396516 35.726627 -1.513158 -44.695495 0.070253 -85.859216 -46.639932 46.838355 -112.069357 -58.144563 71.120247 124.166863 0.281657 -45.964559 13.712196 4.228082 154.976674 -29.175536 9.760088 -33.323516
4 3.045087 27.972386 60.697793 180.277483 -5.963806 13.832147 48.690513 -0.045018 -75.224115 -52.425178 -46.129855 -31.280592 99.386342 -30.923424 7.930547 2.929372 -42.557952 -102.753576 -76.509827 9.579251 -3.099047 -34.799412 -0.813188 -43.830500 92.014558
4 12.472465 -7.040848 -8.610165 105.303412 16.284072 17.687963 15.082790 -1.309884 8.357084 -40.544717 -64.557936 31.440277 29.069680 -83.726107 -41.109109 24.609805 36.739248 -35.580880 0.155082 4.971536 -14.042510 13.316060 -22.338559 -3.223623 6.594859
4 82.815936 -90.553943 8.884168 463.400359 -8.914797 214.446892 55.036521 -62.217087 -157.476604 -76.342596 130.726738 -326.270870 280.478078 -204.571126 -239.856586 24.475216 85.560891 -38.829143 -121.232224 127.862231 -69.199188 163.585433 -135.006414 -186.906280 80.104373
22 -26.983314 -122.836565 -88.215661 121.647357 17.570028 -9.078496 47.780899 12.287295 -55.448350 -6.476461 52.545972 -199.454662 44.758851 -42.015125 -56.908052 -61.924612 25.060162 83.723776 131.485340 -2.333083 -22.469785 156.126798 30.973735 -91.755234 61.939169
5 -28.304341 -18.253214 1.307017 35.114763 141.739143 37.709492 -59.904630 -45.327678 92.701689 -38.182080 -67.615372 71.331627 68.666294 -199.159659 -54.415923 -4.035452 -77.482030 -81.244044 -6.371874 62.398915 -16.212466 81.143299 -80.351130 90.259734 94.487907
5 39.018304 58.387034 100.532090 6.308656 246.009535 8.881055 38.431011 69.327666 -46.901369 -111.155395 -52.011875 -68.070870 4.826390 -114.497965 -119.688080 -102.033189 -110.193053 -91.401591 111.914802 106.062225 -69.462850 -0.043636 -86.367245 96.718449 85.409884
5 1.301282 -25.264156 132.374211 121.520392 133.559023 29.769859 113.058905 -11.526661 44.380595 -33.535115 -21.449475 15.656336 -38.491772 -78.551813 -104.511911 -61.321978 36.886957 -108.275662 121.188934 -40.765256 -115.635589 -29.951041 -88.877741 -11.354268 19.815933
5 58.393068 184.092200 -7.802828 -109.143878 371.278982 181.039700 256.841346 141.118379 95.364900 -338.763491 -159.027227 -138.915406 54.919348 -25.611515 -127.192796 -220.833816 23.676115 -230.562298 -5.761680 -110.435746 55.623397 -46.819426 112.589847 -54.919726 40.852521
5 -0.702367 -28.864562 18.230359 84.268490 156.551252 78.591880 107.027345 -12.588716 -2.137613 -42.903112 -17.902543 -62.215090 50.494752 -83.622464 -66.358574 -65.341784 -10.903894 -78.188992 17.133748 -57.163816 -55.370174 -41.280062 8.686242 38.862327 65.697356
5 -2.990413 -14.993190 -13.393765 117.238365 188.564924 -9.495406 100.074751 -77.815646 -58.241924 46.733214 -10.060606 -57.893527 43.819450 -77.203666 -87.857308 3.013115 54.849760 -126.346638 -20.205771 -33.540138 -20.049267 43.270763 -26.795948 -29.646701 68.965558
5 -41.411558 -29.075155 56.199698 39.744366 182.314569 24.062889 0.442051 7.089022 42.656867 -37.423565 -13.556238 62.291307 -4.210028 -148.745695 -94.936194 -75.795463 -59.224027 -68.205891 57.227019 20.752260 -42.007004 4.982775 -27.566894 109.156397 35.238484
4 42.209500 -29.621220 -57.776766 192.796164 86.207798 120.511987 110.919469 33.575464 70.166544 -194.518201 -36.909186 102.272963 11.591585 -55.738418 -72.770600 -73.469365 53.866734 -68.289865 2.819134 0.791660 -104.611664 27.784626 -83.065387 -80.224936 1.481970
10 -22.358655 -38.515366 72.282380 55.873651 93.269775 17.046063 6.851141 2.567865 -84.984471 95.140518 -67.283224 57.632144 11.344139 -59.707531 -18.145071 -36.857667 -50.925875 -99.576772 11.598615 38.560177 18.198701 -44.715218 -74.181442 74.202105 42.684010
5 12.681256 2.009839 35.227524 -27.579702 85.606907 32.190296 18.776074 29.581386 47.103538 -131.177718 -93.074955 14.578832 63.269165 -19.262086 32.436924 -70.562762 25.942433 -115.459706 41.836561 -57.733702 24.836437 -2.973173 1.493993 15.307712 34.944915
17 45.940126 34.400981 -86.700087 -21.456824 113.384652 62.655583 52.334225 70.785490 31.085548 -138.979954 -108.744573 -66.384531 -39.648823 -111.578550 7.152534 -39.254010 123.019670 -79.418665 16.420965 -16.211477 45.204190 40.256727 -7.666078 66.157535 7.245334
6 7.639861 69.003467 3.908925 -39.656016 79.920923 99.669539 -11.250649 -51.771070 60.798241 -90.417740 -61.868833 68.563863 4.403017 -110.924591 -20.243041 -20.901779 -34.735552 -51.431132 32.104023 -3.970234 41.698599 -5.184822 -7.611029 4.584301 37.671717
6 79.219654 56.795877 15.301032 12.928929 149.457890 171.285109 6.256283 -87.120294 66.608173 -78.261861 -82.635109 109.289109 37.660347 -154.758786 -14.076748 -44.006017 -62.463547 -248.017454 26.037681 65.055176 3.386646 54.146386 -103.908701 -32.250510 54.070714
6 83.001858 163.583643 -48.564813 38.623781 -18.529445 225.755014 147.318820 18.735652 63.152278 -275.149411 -129.116033 34.735554 110.848986 -12.766220 9.111298 -142.953665 -75.824722 -222.812016 148.773841 16.277600 -33.007336 -86.547182 -62.068969 24.855866 22.565607
6 16.960367 18.453216 54.234108 59.777237 94.749879 190.247322 32.907735 70.165282 41.506440 -116.892213 -90.797523 6.630309 3.152391 -77.334946 -43.771282 -29.948366 -59.518314 -147.871757 64.248999 -9.094602 -27.229044 3.323586 -40.566177 -10.284507 -3.048154
25 -14.920307 49.601351 -37.825493 -0.900810 51.454734 114.023069 35.929197 -28.290265 -35.337526 -12.618449 -70.726963 21.998593 -8.032852 -83.629486 -65.343665 -8.800637 -90.606080 -170.190474 -1.654097 120.787355 2.810691 -28.563703 -15.440647 90.006852 186.269599
6 -23.556681 18.504067 101.733571 42.198215 122.904671 192.922590 52.949892 -14.175809 -67.878567 -84.819607 -94.628794 -36.258172 5.841383 -88.150669 -58.413767 -37.987563 -82.924459 -30.381673 -18.954487 55.281832 -56.563813 -37.589737 -38.534747 37.674252 140.808058
6 19.094944 24.117799 -78.787403 82.467527 37.134571 141.172002 60.946120 -46.069203 17.617663 -91.243040 -21.527306 -20.531736 10.838964 -119.723664 -83.880155 80.673865 28.087418 -29.995533 -18.768482 -37.808670 -18.626878 82.603706 32.167500 -58.893535 8.933514
6 51.370823 50.484037 -43.298329 65.318512 149.661516 232.603929 47.317457 -54.762135 -97.102473 -73.169601 -42.637245 -53.651480 17.870560 -134.980494 -109.898070 -22.436523 -53.741798 -112.723436 24.690195 156.569389 -18.409929 15.540841 -99.421668 -12.848667 117.654569
6 78.342490 71.983976 -89.133230 85.288774 7.085254 269.815059 22.597892 -5.314201 99.861124 -197.755954 -30.563315 -1.913547 95.639503 -111.563690 -130.905782 -45.128215 -67.932577 -112.298677 62.927794 -8.987524 -13.923284 84.682213 -35.967861 -84.454024 57.617783
5 63.914547 48.777602 -91.985307 63.313909 171.323878 60.628796 162.881242 -31.673439 -77.585819 -144.042868 -26.676151 -29.591041 -26.508065 86.176141 -47.788758 -78.930235 -3.959440 -52.354249 15.173312 31.175230 -51.310961 -45.198870 58.057183 -84.766434 30.949778
7 -68.947947 -149.352956 -239.013000 -90.986541 79.224759 46.287304 530.712559 -90.315052 -3.779207 117.192224 -41.045900 -167.508645 -126.553133 0.831884 -110.855096 111.813199 125.587941 -55.298712 -53.187206 -243.117439 246.364489 -76.563626 196.255374 -165.961324 228.216010
7 13.791207 48.034306 -54.598215 28.751691 221.336935 -37.661863 281.895513 -150.124757 62.595965 41.844049 1.712070 -73.738862 96.071702 48.485476 -39.918417 -95.162762 6.085556 -258.900616 -89.735808 -209.433945 110.691954 -146.960988 12.555753 -83.634782 266.018800
7 -86.640976 3.429272 -86.831235 36.883250 118.565152 125.473002 400.313538 108.396117 31.990429 -59.569961 -72.873631 -65.046081 -88.663654 9.877221 -41.504285 -42.196580 -37.454892 -191.717115 -79.465769 -99.821008 95.005574 -99.480676 63.341768 -51.572501 109.563021
7 -44.114799 -17.097458 -100.922361 -77.206572 2.857778 78.290297 220.403809 113.912798 26.872452 -64.590367 5.386129 -138.289053 -51.273288 95.983685 -20.382477 -4.226369 -33.338362 -113.398449 -75.805418 -99.925939 150.679850 -35.557008 96.112791 -38.089461 123.717770
7 18.319188 -44.966194 -77.474358 79.630096 16.606533 31.917992 121.086340 30.883156 -53.332529 -9.317478 -83.469834 -46.769205 50.003768 -62.124469 -38.765185 52.233262 28.264842 -83.876099 -118.554798 36.598480 77.628523 -28.705486 16.380460 -17.459058 105.262041
7 -80.943307 14.209250 -197.069272 -39.006227 -22.480039 41.933112 421.150275 62.611069 -63.084731 -40.161878 -88.899514 -44.478392 -126.174595 160.684526 -43.208076 19.437910 35.609544 -4.710245 -69.539606 -89.481473 131.387229 19.585612 81.701290 -158.319243 79.246754
4 111.654330 47.765867 -48.539181 227.251590 135.673436 96.133640 93.564711 -55.963753 -60.411038 -71.683927 1.940827 -40.946299 114.867998 -57.569259 -124.186156 -69.416501 101.702154 -240.621585 184.271860 42.132957 -166.494319 9.057087 -49.568953 -175.339482 -5.276025
7 -46.498125 -26.588405 -158.830500 -48.903807 106.382483 99.738134 364.901040 23.469507 -64.093955 -43.894546 -83.929797 -94.793186 -52.320287 88.327921 -47.793557 55.427115 -22.632253 -67.901988 -174.286759 -15.091977 160.883926 -38.289769 54.093853 -108.967773 141.592674
7 15.732281 -55.835868 -142.167630 -66.038392 -5.478877 -32.250848 277.701280 79.281954 12.955038 -60.441856 -5.660311 -153.150329 28.448025 -54.919315 -159.422553 95.907395 120.748886 -70.785734 -113.228247 -5.065905 212.623557 -59.870110 66.265227 -25.268284 99.920590
8 -6.098062 -24.408604 -38.153927 -7.681887 -64.258143 -31.495439 139.780892 349.863523 60.979819 -190.575785 -83.791153 -109.841823 22.900292 -1.658416 -80.416038 -120.516371 98.880609 -58.323833 103.441052 -41.167228 -81.230437 64.706541 52.896384 47.937659 -1.769640
8 68.132618 25.244445 -110.243339 -254.269527 -106.736592 -16.304422 37.379524 430.054229 70.579071 -313.656972 -104.987251 -202.062433 228.951472 -80.708147 56.112987 -35.983823 39.252913 -239.929783 -2.124652 192.570043 -93.335778 76.843669 12.152772 174.749231 148.319707
8 90.982983 64.817952 -94.976761 -63.105596 -183.813069 -38.357072 114.584557 466.865149 65.501628 -252.802177 -106.715452 -73.810968 -66.796586 -56.085944 57.593121 -230.874232 52.488939 -76.439615 176.108829 13.627927 -112.349639 85.005114 35.290327 138.650769 -5.390211
8 66.309362 -17.947311 -142.602280 -97.524174 -70.128590 -88.131334 -15.753891 358.083682 348.220470 -303.877582 -17.549718 -193.334485 -160.899152 -109.603850 107.380691 -192.413178 78.744942 67.971303 144.355700 -13.916131 -113.126015 21.080343 217.011617 63.364269 64.285278
8 91.785192 166.399410 -39.550603 -149.243171 -158.183076 -30.245141 41.629153 307.250204 95.660418 -236.206341 -53.340107 -118.233408 13.541533 -35.295393 -59.595453 -101.043687 14.106234 -151.563721 170.787915 105.147862 -60.909798 3.686604 30.748296 194.360612 -41.693562
8 8.319926 37.333777 -28.702655 -60.491707 45.949024 -4.261961 12.006445 73.615416 27.870921 -79.112182 -58.701314 16.676395 23.679760 -47.003745 0.114250 -60.059543 -11.437566 -106.300306 34.496730 34.368877 -21.234794 -6.038660 65.682845 67.981277 35.248776
8 133.086444 116.870903 -34.562500 19.587019 -136.755764 36.226574 98.753979 332.455827 158.376742 -368.425730 -69.527712 -61.327815 4.119113 -80.936637 -71.786769 -158.439703 32.510235 -182.418887 143.065304 30.250554 -62.571796 -29.153044 69.984293 137.016066 -56.396721
19 29.765930 -58.894875 -34.259054 140.584428 -65.996631 -86.568724 10.777176 127.934409 145.625990 -78.142887 0.032680 -98.837767 -52.992200 -82.590266 -95.645066 -123.771294 -14.421956 -23.376456 248.570380 -56.790157 -91.765426 103.096886 134.283048 51.187331 -27.805517
8 66.712466 77.214300 -64.602929 -111.944181 -189.213105 -29.307607 45.802546 449.461554 96.281928 -244.586599 -7.440814 -142.382082 -11.124908 -49.013609 43.562160 -135.307409 -7.612244 -46.906827 27.818025 16.823710 -94.907025 43.999199 50.824673 176.213784 39.634973
8 55.634661 -24.858179 -63.237512 -30.719641 -171.378613 48.636464 -18.044746 296.044076 8.850214 -139.836299 9.492891 -66.666807 13.398880 -28.419991 41.888455 -38.900386 7.555499 18.694280 -0.205852 11.331583 -15.560160 56.669115 -5.879786 42.092959 -6.581112
8 46.787092 87.303567 -64.202805 -189.391624 -62.351113 -108.245964 159.130385 231.326782 192.921501 -271.610271 -82.457060 -105.064320 -0.004602 2.350679 25.263535 -152.573446 143.547063 -85.731677 58.764294 -58.343151 -163.719347 127.191710 79.652659 72.946543 116.509544
9 34.510369 -29.571541 -45.175698 12.073177 34.550834 -59.209892 16.860914 52.490110 165.045513 -57.355669 -10.980687 -27.656076 35.158241 -59.208951 -60.193277 -32.645189 69.212150 -42.767328 56.286548 -44.092951 -51.748693 17.745849 26.301841 42.111347 -41.740953
9 -66.027560 -29.808108 -97.387385 67.400033 -52.293018 -83.922010 75.736312 -12.162756 149.338844 -38.017330 22.785593 -96.607320 1.695461 -101.528020 39.863415 0.011042 42.736848 -11.396360 5.112790 -1.267947 -14.766598 41.565261 91.752311 -44.606742 111.793234
1 131.512778 92.898952 -46.881112 -0.971851 64.427769 48.083734 -8.498075 60.207350 114.704111 -139.746199 -135.514600 -26.573194 30.963022 -163.535785 -24.694721 -26.428852 -17.009622 -182.781066 58.189623 73.448005 -63.717235 22.401411 8.321220 56.987913 74.206404
9 -48.316922 -66.100965 -87.063735 44.472025 -27.628780 -78.492909 9.852469 81.112607 142.471499 -4.438889 0.117245 -2.945196 -85.553923 -129.558882 49.646622 -107.587365 87.486484 7.027763 134.529389 -43.473151 -51.347611 89.481817 -9.812674 81.724599 14.398470
9 -7.834422 -32.737061 -82.423425 -127.294560 -98.964510 -3.964707 98.322224 33.768298 376.431842 -132.285830 30.880582 -39.689914 -3.868069 -71.290303 42.742830 -47.984685 108.754149 -51.741206 -48.967859 -47.482161 -59.487445 86.535120 -25.305219 -48.501730 152.388044
9 -38.066483 -19.729247 -101.836045 8.329335 56.292454 -70.598413 89.822668 45.450468 325.843357 -98.264778 0.148502 -24.821571 -101.633381 -97.872022 63.247079 -117.257611 40.698381 -96.638205 92.742777 -39.442730 -99.349436 128.217632 105.499758 -87.310113 36.527604
9 1.348451 17.357543 -72.725101 -40.382344 2.986384 -49.376111 23.875431 56.170897 162.566987 -68.738987 -7.625029 -7.341012 2.995732 -24.249298 46.798528 -52.720739 46.212887 -82.905988 -48.694726 -29.935981 -47.176085 42.767197 38.613814 38.245620 51.931914
9 -9.592118 -35.407415 -64.581483 -60.344633 12.853950 -30.214473 94.160653 -6.596219 158.647616 -68.147450 65.386049 -99.102560 -32.043097 21.237690 11.569990 -30.502422 34.476203 -11.731807 -45.316983 -83.094859 20.936105 126.861629 15.457900 -69.617184 84.704906
9 39.800491 -9.468871 -18.309402 33.470247 57.056997 28.720824 7.709222 72.458267 106.897257 -67.827372 -13.450084 -92.632066 11.496104 -45.226413 -18.587634 -54.893583 56.964168 -47.796793 39.487357 -54.298992 -58.530050 54.866578 -24.360520 -32.342764 28.797025
11 -78.655923 -86.786251 -162.913661 108.725607 40.041936 -87.034905 14.453871 -133.413378 -127.788575 230.654689 289.876605 -8.663411 -5.900456 137.174420 -97.618503 186.075407 -13.070181 -140.437076 -79.711992 25.272798 39.001614 -80.881168 12.334473 -59.774879 79.038914
10 -49.294106 -136.887458 79.480990 45.304979 -11.465837 -14.097315 47.980492 -5.174146 -72.328073 167.962111 38.094686 10.577673 -54.372661 8.169422 -49.332235 -26.674681 -57.881284 -17.323903 81.030088 15.917236 10.360470 -60.841963 16.808758 -6.743159 40.729902
10 -25.096507 -76.326128 99.099328 26.919136 -72.862533 -53.487158 -34.000776 -43.047946 -163.210784 257.736702 -26.184148 74.100683 10.176007 113.287985 55.611427 94.897940 -11.503871 -42.794653 44.088392 30.713266 27.472412 -62.885369 -79.251062 -77.938432 -65.513921
19 -37.412136 -100.272959 -54.439301 42.018474 -19.890239 -78.862899 6.079281 -12.321215 -30.979425 81.217460 35.535650 29.223660 -32.197026 48.194522 -17.361746 -50.528221 -41.926455 9.323521 110.528086 -28.141866 83.158260 -27.831544 63.978545 10.300308 12.607254
10 -24.820702 -84.661455 44.291616 -12.797451 -68.208186 -27.167561 -38.633973 -46.705328 -10.773275 82.936678 22.011670 35.088052 -12.460192 71.627717 45.844744 49.224674 -1.049606 -67.112568 59.910855 -58.370197 61.398406 -37.154799 50.124017 -14.402691 -18.140449
14 23.208440 -135.642805 47.645347 -43.488487 -149.751190 24.470169 58.950658 -103.300760 -199.790075 179.146325 80.527529 -43.332144 84.658051 207.563661 32.427131 85.162811 -21.395776 -92.874438 -15.842229 61.937457 105.575661 25.285835 -55.441923 -170.804750 15.105479
11 -67.146534 -89.671125 -60.847972 2.703986 30.931508 -49.216063 27.335233 -63.661095 -40.523059 156.871175 161.758503 28.068948 -93.616981 97.742625 19.476071 57.815702 0.418032 -33.780627 -0.146981 -42.386769 7.096159 -22.461726 81.360724 -126.726059 18.606308
10 -14.815574 -73.001122 20.261348 27.951924 -24.151710 13.759011 62.095468 -54.089246 -106.174900 143.558371 -30.259620 33.563813 16.750531 75.361349 11.346445 47.042070 -5.019603 -72.437388 -10.341025 -24.453867 -2.370907 12.551897 -25.612041 -70.857463 49.342228
10 -107.709342 -221.120752 77.574094 73.247197 0.632554 -92.573538 3.003698 -35.148973 -68.935591 210.011381 -11.044980 -2.787522 -4.184347 26.510935 -17.073906 -70.372801 21.575184 42.835128 84.826957 -39.977559 42.006899 -5.080604 -31.479414 41.416123 83.849163
10 -12.974903 -73.345325 -55.022895 32.809591 5.144217 -28.235250 57.417186 -74.965901 18.005837 95.284282 69.963654 -95.470117 -1.160518 45.777864 -15.790390 12.364265 -1.920449 26.555322 -35.506490 -23.685004 65.315567 -49.240229 75.466884 -65.935466 29.148258
11 -51.789514 -80.321184 -90.376665 86.072312 -89.805317 -49.138647 86.172840 -24.117744 11.508954 88.254667 331.032893 -16.128548 -65.906937 77.115524 -65.352891 12.534070 -42.129242 -40.127755 48.892769 29.014515 -35.178202 -41.334401 -32.496398 -131.574587 85.179462
11 -17.964330 -29.044836 -138.215134 93.922018 23.803393 32.691633 44.596022 -178.654973 31.635531 146.472526 323.875661 -72.977098 90.241052 -20.300658 -156.539444 115.319168 18.438825 -64.737934 15.831486 -57.926369 -21.919195 -1.451595 23.838496 -196.695054 -4.239217
23 -15.237234 -119.578094 23.834076 45.669529 -95.779651 -112.960040 -56.545993 -72.888535 -107.935750 71.218357 108.287958 32.621363 45.995124 100.144382 -57.067975 108.879018 85.831599 -1.521359 47.930572 -47.455731 63.100611 -83.011203 132.481860 -103.866343 7.853443
11 -65.258039 -103.051763 34.290202 37.010473 -6.821207 42.827001 1.115995 -70.010888 9.258537 57.013823 312.542272 -50.410176 73.656334 -6.995247 -87.759421 -2.445693 -4.261042 -124.744669 20.699881 -62.379434 -24.388492 19.387347 -16.538478 -115.226087 132.488749
11 -4.536534 -57.161154 -91.335215 -54.923955 -223.150613 -114.368484 -24.057511 -8.022427 36.962648 -18.564374 245.380712 -27.642208 60.286391 98.971607 52.980324 65.933102 -14.824820 -41.554116 -94.160885 58.510147 23.038835 35.972442 42.830595 -89.402953 142.838428
11 -105.609073 -252.221054 -69.765371 101.761669 -155.843777 -85.269190 25.431095 -95.326018 53.694744 181.016673 451.233182 0.796210 9.489789 25.240232 -153.710975 81.212819 35.092830 -11.101764 23.142013 -84.636552 6.453021 2.124862 109.871029 -142.208298 49.131878
11 -10.331508 -61.829924 -45.747295 -78.210820 -96.047623 -91.742439 -34.408975 2.779710 22.029744 6.588376 111.998286 13.770035 52.176994 19.038553 34.790507 110.078738 34.614302 -13.813975 -23.337723 29.481297 -0.319270 10.614417 2.417116 -26.450685 31.862152
11 -11.486467 -93.767420 -115.999609 -39.105535 -85.088654 -76.383048 -39.186751 -33.613867 -20.641960 80.061150 215.682754 26.468526 10.593832 127.281440 -4.454551 128.717200 21.410913 -101.660047 -139.102439 64.001154 12.413007 -25.935708 64.052239 -100.214829 135.958651
5 -25.866719 49.300095 43.224287 -54.593371 173.656259 45.329133 70.549118 -102.704555 6.699341 24.671823 156.939449 76.386075 89.379441 -35.365847 -144.080065 -12.596712 -69.568794 -231.862413 -2.737158 -46.581492 53.191917 -8.982837 -71.952343 -96.631690 114.197030
11 -104.033796 -150.605183 -89.970657 4.931258 -47.948785 -85.662414 109.929085 -13.408228 -29.256454 96.101873 252.565901 11.424687 -77.353779 52.982109 -48.634433 12.158566 -52.033177 10.421611 56.096552 15.034743 -10.625083 -51.516780 97.566441 -41.137323 82.973245
19 23.239414 25.184480 -0.700129 -19.669958 18.232782 -28.172268 -15.706373 -10.876081 -64.960714 49.350606 -48.219938 91.415498 -11.847724 81.014851 106.421522 -65.808924 -46.199117 -182.328020 128.437884 26.651251 60.887604 -75.657592 27.970731 -39.500885 -29.158915
12 -52.062080 13.766470 154.545985 55.754685 -32.682063 -19.772957 -60.277346 -79.383748 -19.971194 105.099277 -87.479849 256.540161 90.287023 68.664162 66.767179 -24.600762 -45.831314 -287.869499 80.083006 69.688549 -24.612355 -48.909029 -69.181733 -49.494090 -59.068487
12 -16.572472 -16.754395 56.370835 73.785050 38.492537 -0.378156 -14.202197 -86.613153 6.744467 144.684591 15.108936 149.171730 29.492116 0.075442 -23.982707 -3.261108 -49.720142 -195.529051 73.473459 79.311598 -36.384825 -48.519033 -114.556693 -23.703697 -36.533140
15 3.233610 22.462383 -34.326517 -28.534137 -25.717002 -41.715358 -27.248594 -24.858685 -38.256061 28.892967 -46.944156 128.249064 -35.760771 -6.706461 134.304748 73.958494 -21.989678 -59.818264 -47.500834 71.815940 0.855909 -10.436834 -13.679131 -53.322875 53.042235
19 -37.335162 -35.720417 -55.241861 37.303122 26.215676 -39.527957 -22.303560 -24.906342 -18.258711 48.011094 21.202195 80.404007 -67.918496 -35.634632 -28.655930 -36.197820 -53.366488 -9.772274 119.091655 19.018362 43.397627 -14.505444 61.489772 4.431355 18.780217
12 -13.553182 8.766227 -4.768316 -1.399380 9.267706 -17.107450 -68.811861 -128.778802 -64.356656 128.311510 -24.044348 247.446413 24.120269 -33.937517 146.477111 33.801087 -72.945926 -181.351118 25.502231 26.689529 36.037032 -57.810309 -44.918747 -33.853295 61.217775
12 43.936051 54.068940 27.601099 97.477443 -97.795226 47.275242 -81.266930 -6.490766 -95.366695 34.126570 -22.356387 208.621781 72.504128 15.931617 -26.905354 -3.801224 -74.478461 -186.488471 48.515994 154.288400 11.751791 -66.287426 -27.458590 0.085537 -127.489073
12 -1.458923 59.236027 -62.360931 -55.014945 -46.662705 33.396452 -32.339720 -47.610478 -114.947688 41.802757 -70.546050 275.172557 90.552241 -21.841291 179.646965 98.024455 -94.621110 -296.142363 -103.077193 270.666673 -34.567294 66.673756 -114.142992 -20.129070 0.290841
12 67.436210 104.474568 14.900677 -41.860269 -44.578328 48.716151 17.414334 -16.803517 -8.334409 -80.878618 -101.568119 108.815924 70.688347 -54.750225 102.258824 -60.611232 -70.788173 -189.288261 33.261674 86.650987 4.111598 -51.573332 -65.418620 77.090473 50.633323
12 -25.892789 23.772966 47.890683 79.395596 21.095995 55.719789 10.751030 -40.564898 -14.860151 88.223996 -29.893391 118.714360 13.170035 -95.305979 44.052461 -112.301076 -23.476504 -186.903019 83.226824 23.699207 10.334207 -27.420951 -72.565263 -50.630555 59.767404
13 137.765272 205.741028 -42.688444 -127.163679 42.604317 105.351742 -21.072777 16.797912 -45.701727 -175.787332 -48.882638 -145.646455 223.466392 -49.507272 93.123462 -37.530950 70.724305 -186.208175 -42.092379 80.729962 -14.486560 112.885619 -67.844600 -169.450841 84.873796
25 4.743087 49.726427 186.017062 69.870733 9.503451 170.499883 -7.001719 -133.579350 -124.299023 -39.092352 129.565316 -380.231734 244.228413 -6.336133 -35.578195 -151.745484 -4.277338 -18.391519 -132.196045 -114.567399 40.837194 235.538967 -135.337204 -215.451467 357.554390
3 49.059423 53.732782 148.149276 72.185322 -57.978773 9.637205 13.501930 -38.278847 -45.755236 -55.663649 -45.943556 -44.264120 83.366660 5.548716 -13.827448 -2.259126 -45.042860 -17.504290 -52.639671 -5.700879 -36.100885 -7.590776 -15.707293 52.384377 -3.308285
13 21.999905 32.824698 -50.614629 96.292440 -16.552202 49.752653 -19.102822 95.015082 18.779879 -80.488380 -8.516602 -27.551693 127.525642 -76.310555 -59.121901 25.547308 7.771862 -83.434648 -31.404951 10.120498 -34.934276 19.204434 -23.537826 -20.866321 27.602400
20 19.322212 21.126697 -31.307358 28.358860 4.631783 -16.367824 -6.379229 65.081561 17.115233 -59.493151 -37.913661 26.995558 36.701338 -29.298847 -46.029996 11.313797 31.415291 -85.163265 12.982648 99.636681 -32.729175 32.849945 -6.768166 -43.981190 -12.099748
4 92.295274 62.718190 77.671667 146.855098 26.775989 110.907857 4.483799 -23.815781 9.198175 -142.008852 -106.027662 -4.107598 121.926404 -109.168336 34.656784 -46.328236 -75.123706 -156.307259 -10.710810 65.047610 -2.475739 -48.417377 -29.487409 -9.965877 11.407785
13 68.138176 71.670268 32.258806 -66.184130 -70.088279 15.365533 -37.818932 48.687905 -6.482423 -113.937776 -76.493854 15.402171 298.605988 26.959309 103.115783 47.393039 2.124934 -212.328364 -138.267867 31.156286 -34.152264 39.093393 -73.130397 71.242555 -42.329869
13 30.503243 50.229005 -54.676060 101.941632 46.454997 43.002749 -65.162938 74.453549 10.062771 -76.136853 -51.589288 -58.629723 169.460316 -42.592424 -10.561726 19.589676 -17.573771 -191.408380 10.681121 76.442919 -2.361590 14.960921 -58.849433 -50.221232 31.980507
20 201.777207 121.100414 -37.472908 -20.323035 70.099075 122.076779 107.317483 10.369121 -214.958914 -74.720467 -158.787753 -122.466251 192.408217 -52.526727 -4.865281 59.026659 -42.632117 -278.836697 -18.156439 280.270188 -2.504765 -84.963582 -50.533049 -90.600130 89.902937
13 9.576263 143.663188 37.692731 104.996028 2.587235 31.409882 -43.649559 0.654685 -40.422178 -100.973626 20.991026 -27.091956 207.567117 66.668415 -11.725606 -104.712023 -86.114063 -162.025716 -15.887547 21.908083 24.884944 18.689824 -125.225119 -17.259317 43.797276
15 -102.902560 -126.611303 0.959784 -136.053257 -6.424460 -97.535295 13.948800 -35.285291 -15.243833 -15.255267 -0.811845 45.551628 45.299533 65.884697 159.487160 -42.081928 -10.394797 33.084818 17.444979 -107.460670 91.979003 50.640411 62.645261 -25.702695 134.837111
14 -28.399559 -15.717032 9.978404 26.275730 -19.643330 -33.237595 6.544122 15.388324 -55.262420 -13.764508 -21.255778 56.981128 19.875731 153.973022 82.292991 -52.060687 -15.093342 -42.247754 -16.034295 35.555758 17.629065 -27.737027 -57.953090 -44.069863 17.981998
14 -23.695267 -21.571318 -64.202421 -44.155135 -86.651560 -52.981968 -17.938706 -43.745195 -16.182057 45.953268 52.412810 70.499086 -41.986126 178.809142 134.793067 26.749422 33.146298 -42.923573 3.567244 27.645150 -3.438283 -0.893292 -0.511591 -136.565895 23.866892
14 -70.979894 -35.812938 -34.403142 -69.754822 -19.036700 -50.242745 22.299724 -82.476311 -62.334562 52.750053 73.774660 16.462587 87.721227 171.091941 16.101208 10.102695 -16.568222 2.083041 22.126165 -36.440845 34.331231 -18.772150 7.543734 -31.003366 11.437422
14 -61.544808 -32.344902 -5.524066 45.941825 -116.692808 -104.490655 -78.290954 -119.215754 -63.200855 119.941865 15.608698 123.133547 47.557020 173.522449 157.207878 39.383669 9.771031 -87.228837 -18.159460 -97.619658 49.913602 -49.606123 71.348822 -96.199914 76.788384
14 -15.492661 -13.178915 35.764259 -75.416580 -137.618473 -21.890579 -4.802100 -42.880298 -94.804415 102.063646 0.525260 49.354988 51.545884 248.917307 102.520261 28.430194 45.659339 -194.794152 40.223623 -51.660941 28.407582 59.568825 21.520268 -150.352838 -11.609504
23 -30.758774 -23.243616 -132.991408 27.099355 -25.714680 -46.523313 39.275227 2.066059 -37.082677 47.511585 38.873409 -28.945449 -59.485788 42.895451 25.131444 25.840885 38.487940 -60.511787 37.742894 -5.153397 74.878334 -6.868385 76.204034 -81.520053 62.792695
14 -82.345591 -50.134923 -2.016193 -42.886514 -38.966921 -6.386562 23.347416 -48.043737 -40.845993 37.120396 55.393349 -20.951278 39.463417 111.980659 41.097739 -2.044611 -39.893696 35.741496 45.304953 -125.046317 43.576743 71.864947 69.026550 -60.690371 -13.664965
10 -57.166630 -28.020582 -76.421763 21.694337 9.367268 -36.576516 6.098949 -65.310104 -79.065732 126.927189 59.229724 -9.869863 -16.472437 125.278974 52.880649 39.744309 -23.263947 -2.037816 0.554037 69.241108 23.480290 -18.155029 -22.707185 -92.475475 -6.953764
14 -62.996659 -140.262378 24.747228 -68.681323 -56.653395 -125.868974 50.721620 -11.288277 54.433968 36.863519 16.851471 -99.918515 -78.316255 249.160912 132.174055 -167.734058 123.705216 137.883295 107.917152 -226.243680 63.161332 178.569528 36.942076 -137.299728 -37.868150
15 65.354363 11.522947 -68.330245 -154.346713 -131.940314 -174.276468 -101.476875 -70.965394 49.958407 12.170739 25.814911 -50.560919 63.490764 116.088143 269.609024 23.019396 5.017046 -24.860855 -147.196151 -63.477958 -2.680907 116.809387 20.738101 8.778225 201.741330
15 -52.430387 -17.347820 -45.937939 -17.390837 -59.738241 -12.852545 -11.691600 -43.879857 68.020522 -1.808044 50.639324 -11.057417 8.958571 44.004310 102.445016 -22.726411 -9.716482 -9.908829 -24.907149 -17.523399 66.335793 18.948497 2.682208 -59.407256 56.289968
15 -6.701136 -1.010003 -25.190750 -173.878338 -154.307309 -68.622900 -11.379024 -40.863940 -13.359999 -37.255716 68.689946 47.317744 114.709361 14.983749 261.833196 -67.824399 -81.329792 -11.775284 -82.696411 -31.885399 12.541972 163.203226 -87.467083 70.947140 141.321128
15 61.232712 66.502642 -43.526742 -101.940956 31.937219 -6.809307 -52.892100 2.613796 49.447297 -107.932179 -54.608620 46.507336 76.956453 -54.288324 156.354101 6.845276 -49.704370 -123.369914 -1.951287 53.754197 -24.892506 -1.408072 41.184050 -6.707230 36.696517
15 29.700429 31.929406 -63.778469 -114.649368 -76.943222 -42.638165 -37.124288 23.218217 -23.455033 -69.445753 -29.328362 77.219129 -80.278906 143.957874 145.060788 -59.530783 -19.350081 6.898794 55.642358 -16.641348 84.828552 18.367841 77.157419 -73.832365 13.015319
15 -22.978328 -56.449868 -70.632409 -19.283422 -52.699852 -98.507574 -37.963962 -30.423010 -22.318815 21.300836 -34.635574 100.863752 70.537997 11.071607 181.924539 35.333411 -20.172577 -59.271856 -87.632741 29.093254 97.829762 -53.758241 25.327044 14.450272 78.995744
15 30.565168 70.162763 -221.341318 -141.604749 -38.001694 -66.306316 53.634811 -116.689244 4.103816 22.743095 -34.273722 161.163396 19.589022 110.283878 304.751199 22.282977 -51.333545 -146.880451 -31.510095 69.300978 30.545299 -110.258055 143.433955 -172.563443 88.202254
15 -40.517469 -47.436877 -75.963228 -50.355501 -35.468958 15.203365 -76.983507 -78.730026 -20.873571 156.620132 -51.759349 201.880253 49.535139 9.463081 256.801721 -10.891733 -101.656829 -178.074292 -1.853268 50.264582 45.069055 4.897136 -44.608114 -96.150717 121.588959
15 60.791682 -5.893982 -125.874471 -128.371334 -23.620886 -80.280985 -3.177011 24.293362 133.201550 -140.608822 -27.718008 -74.409577 1.162111 9.786080 177.505450 -83.875141 11.660124 -27.681834 81.923700 57.585372 -57.670521 -1.742294 171.193141 -28.933454 80.755728
2 -9.137787 78.727383 13.041301 19.205184 27.922162 -2.099191 -32.707003 -23.938366 20.024550 -62.255066 -46.454799 19.784700 50.867620 -44.113513 18.249399 25.210817 -7.252968 -99.429145 42.096233 14.411225 -26.380855 -31.779921 -4.190227 23.609736 36.588526
16 -13.447025 -34.695119 -78.417449 -12.449222 -54.879593 20.653570 73.537511 -62.142046 -49.378615 40.149411 -6.176807 -51.568197 1.955344 -84.316116 -50.012195 176.941267 112.867878 -3.706684 3.409673 6.405977 46.147917 17.973628 -36.631835 19.621603 18.157113
16 76.823359 -49.555917 -16.833671 85.063242 -17.270707 -57.799261 48.753934 -72.508555 -175.432903 131.779633 53.495611 -143.357809 75.652045 -41.815998 -163.496592 301.245782 79.173090 13.769068 13.062775 37.752664 35.457324 -41.590477 24.531104 -80.447248 -116.450511
16 31.467486 -15.751111 27.924880 -5.529373 -58.342372 3.782528 -10.295219 -29.778514 -82.127177 43.018530 34.276533 53.371177 63.738541 46.401662 26.272500 207.110850 17.698350 -101.834453 -44.162900 -23.068274 -18.803682 -52.592407 -66.691789 -7.212803 -38.872967
16 -8.019028 -5.348674 -27.274046 73.425776 -27.324217 -14.818833 13.642652 -92.636199 -81.848585 111.801653 76.756329 61.937150 -0.969283 10.164906 -31.802964 133.883097 -21.932983 -77.581333 -40.634685 9.194365 56.429358 -57.413404 -11.259388 -36.886991 -11.484680
16 13.077419 -13.096020 28.590339 67.992311 31.444475 -4.468533 -52.762935 8.900775 -57.196369 8.248747 -43.962409 40.935180 24.149603 -104.456618 -54.035867 160.261668 17.600950 -78.853181 -28.373495 38.181356 22.066624 -19.986337 -5.487046 26.747678 -25.518319
4 143.550904 -40.991541 -76.290357 234.904916 -11.125894 14.855977 60.784609 -153.720950 -229.461186 -32.798255 126.543575 -15.726745 169.103661 -8.821432 -162.903599 164.821219 40.567698 -91.223530 -109.628662 140.445214 20.824632 -65.734008 -23.130563 -173.394015 78.548309
16 107.014810 -60.160412 -57.560919 107.072478 -152.944490 -146.367309 -27.119959 -126.995214 -104.537367 118.885526 61.836774 -14.286840 67.239813 -106.320361 98.527065 328.139227 26.456707 -1.820632 -138.653587 62.558847 -62.595578 42.689897 -37.849807 -90.370099 107.161415
16 -33.308681 -75.579591 -59.181999 33.762152 -79.904002 -51.243892 45.255011 -4.195618 -122.233765 169.896361 163.907942 -6.025419 -22.599679 88.587623 -50.513501 214.261937 65.553733 -76.411715 24.069966 -11.809364 -26.564326 -32.155193 -31.133385 -75.136028 -47.298577
16 22.685152 -99.727535 -85.922869 3.298176 -55.632440 -52.174184 40.542452 46.908694 -38.207710 14.312938 36.705017 -40.741768 116.353148 -45.060954 56.027913 181.968844 74.057586 -26.792454 -45.490258 17.922498 -23.284423 -79.901602 5.826632 -4.600105 -19.072755
16 31.451565 -36.613991 -25.411262 -15.160552 48.614332 -0.366414 54.888584 -1.049715 -238.865949 148.433799 -14.835302 -109.663607 91.758875 96.121785 -83.160186 189.324240 30.055702 -10.587084 -76.606111 -11.923143 -3.521835 56.513153 -134.751636 -15.127471 30.482207
17 14.833432 -109.115841 6.657920 34.046510 64.461313 -6.666733 78.060935 67.803480 -17.790062 -89.987357 -67.005257 -127.806460 53.407554 -6.944177 -49.817778 75.497588 324.745885 -31.705450 65.552811 -118.783161 55.304434 3.012164 -73.731020 -83.855128 -60.175622
17 -14.914559 -227.811825 -17.574569 102.257322 -23.887169 -46.271715 24.855656 11.458709 94.572759 17.930985 -0.126244 -18.387279 43.512050 -85.618734 -127.300751 11.593744 297.075353 23.513564 72.469274 -124.824636 88.084277 1.934684 -74.587825 -41.914705 13.961621
17 9.826366 -116.241052 -6.028789 18.451838 7.659247 -104.148778 -4.256215 68.429290 49.004016 9.048342 16.048182 -74.624812 19.549244 -43.037307 -60.568840 19.457565 165.370192 8.260794 -30.514929 -6.464885 15.651877 15.143161 -1.518845 28.916821 -3.412490
17 2.968601 -65.560364 -28.033448 67.066668 -35.347273 -5.652295 29.937027 77.077879 13.701093 -73.216412 -4.944718 -55.953051 61.509464 -79.805444 -23.443586 -13.881845 153.558264 -17.008913 28.635586 -58.986420 -25.184712 42.851520 -29.334496 7.336026 31.710841
17 48.877391 -123.803010 -43.867106 156.159891 107.871174 63.193480 -1.031046 -7.247923 104.002430 -49.195221 -46.272523 -77.054448 67.076038 -172.689828 -93.543125 -28.514256 239.884859 -98.588858 5.566212 -49.710541 -41.256819 85.997009 -87.384262 -76.035242 117.565705
17 -36.201104 -38.420292 -39.326008 46.209482 -50.273133 -70.619183 -25.173596 15.949425 -13.093653 16.925773 -2.979450 -22.253012 3.224529 -82.245651 -20.180559 16.391747 122.616439 19.835411 24.639453 -9.716810 7.696614 76.500571 14.177077 12.763748 33.552174
17 15.285588 -21.346742 -71.638737 -11.544156 -49.355937 -16.040264 47.027621 63.091509 20.594649 -125.005372 -59.626241 -53.774165 92.601220 -102.183948 -73.434520 62.703106 194.586114 20.871893 -2.648700 32.877906 39.269493 77.156698 3.575497 -51.123090 -31.919436
17 17.177641 -56.741195 -43.262114 1.622528 -19.086523 -39.311176 0.673346 29.757693 14.166005 -58.697670 -96.296291 -34.065052 28.163241 -63.527911 -6.269458 17.937612 182.892345 -5.562953 -16.354828 28.187222 37.430705 40.832268 -23.762632 -21.814534 85.911721
17 4.220139 -39.443929 -36.912033 26.838176 11.891992 -40.898221 95.637248 2.322532 -12.019410 -10.368829 -38.230927 -39.629075 -5.602364 -41.217777 -20.967262 28.515772 145.777400 -45.439279 -9.017674 35.853329 -10.643867 10.267172 -0.026767 -52.097804 41.191448
17 -22.187765 -6.496928 -12.219469 -89.479661 -85.918107 -133.160182 55.579928 85.773887 -45.486894 -23.857842 -69.295605 -6.087539 11.624596 40.627136 -20.512908 56.795212 173.008985 -34.270488 17.452626 -9.707886 82.474325 10.019831 15.575121 29.282439 -19.532821
18 8.332627 -52.854515 -94.282211 4.989130 -76.924949 6.937639 40.566866 -46.509187 38.027198 -13.017962 65.429644 -60.407791 -35.367912 -62.151974 -14.615165 122.728414 55.532398 151.769297 -32.367124 -14.590404 -14.733584 54.195241 31.160002 -0.922855 -60.922826
18 5.015125 -70.583359 -72.356812 -21.812219 -96.032687 -54.137948 65.890967 45.451327 6.096865 -45.832526 -5.227986 -65.008441 -33.846287 14.085772 5.420783 3.890309 12.024347 189.278205 41.216686 -27.888683 26.285631 -25.448902 86.207765 37.483245 -20.171184
18 23.763917 -85.698344 -90.962237 -38.442746 -58.298193 -121.581011 -31.042610 -31.937999 57.111680 -47.373166 88.965622 -102.105121 -35.061850 45.225401 65.151494 67.528802 72.035450 203.260403 -3.536126 -7.430980 8.694823 -57.255008 87.464133 -71.228112 62.751770
18 -30.802243 -83.217828 -83.173787 44.155500 -30.835966 -66.426964 -9.173795 26.537290 14.754211 9.402779 56.570818 -79.226314 -54.229434 -4.029228 -24.968532 52.749037 6.674235 161.298920 27.660814 -19.658455 -0.654349 9.300311 141.148180 -63.026683 -0.828521
18 -22.255997 -168.539108 -204.982352 34.361433 -101.368255 -124.524163 26.366914 81.937890 54.655687 -40.781008 8.357952 -90.126518 -178.568897 -57.666916 98.263619 20.030774 87.078373 310.600266 21.588846 -47.284006 29.639253 1.926192 289.610402 -74.568656 46.248253
18 -25.406589 -61.021174 -70.481075 29.732766 -90.010062 -73.445944 46.765810 28.956174 -13.991046 -41.265747 40.370149 -130.884660 -18.092701 -8.349277 -5.224167 30.161189 48.754133 166.309419 26.596384 -1.199799 40.171559 35.093594 51.867795 -15.016064 9.609327
18 -40.278772 -22.085956 -26.337491 -40.701642 -88.511165 -40.486462 0.278832 -4.123929 6.532638 -31.184676 16.589793 -23.811017 8.684770 17.658871 23.958500 35.620407 -13.717054 84.390269 -1.276116 -5.246342 46.009350 26.284790 53.950063 2.065765 15.736571
18 -64.619269 -97.424953 -118.481083 -58.192305 -62.743033 -86.543144 24.976612 24.247002 88.620498 -22.016062 32.863853 -117.662608 -19.517840 29.187796 25.730231 5.982115 4.719963 181.086423 33.247288 -31.371773 61.060146 20.235854 141.521243 6.602267 -1.509232
18 -52.641159 -148.609180 -27.777923 -41.230633 29.248408 -28.688671 20.603698 -61.504824 -27.628038 33.787316 25.761516 -96.397505 -82.678208 52.190346 -4.249342 -36.473144 -14.806002 207.647614 156.203425 -193.486119 79.855690 83.617016 98.117537 6.693594 22.444580
18 -29.690937 -67.496744 -84.326445 -2.030426 -104.341666 -66.472272 25.069336 -26.802661 -53.347421 39.940221 46.593240 -39.353082 -30.505993 17.444444 32.359232 126.697897 -20.507514 129.744753 1.539792 -11.376064 39.478331 5.779321 112.182501 -24.293545 -16.284305
22 -79.421728 -119.138079 -140.020904 20.947040 -49.976719 -14.887945 51.502667 42.444470 -80.992224 60.496315 89.975447 -118.521033 23.077833 -80.587626 -54.986335 -28.377291 14.776252 29.250234 144.718099 36.714000 102.314435 165.239085 72.507950 -56.929181 -30.124779
12 -6.207002 -47.099495 -80.242160 65.170509 -28.540229 -29.933462 -24.978429 -33.446554 48.810771 -3.789672 10.340098 160.793978 -69.267921 -1.407683 65.414107 -12.324510 -14.370741 -22.566349 -2.876320 71.682516 17.192494 -45.782847 43.957412 -40.955731 -19.572789
18 -9.822710 -71.970273 -28.697531 43.029591 31.920990 -4.882385 -30.217580 -15.301410 38.701993 12.415434 42.232049 -37.901551 -35.547561 -50.578199 -16.047596 -8.758546 -32.805623 83.370565 56.304577 7.225171 10.781808 -31.051626 62.489991 -7.008341 -7.881245
19 -30.835810 -23.567254 40.263275 47.551904 -23.698306 32.529309 5.063684 17.083764 -63.748384 0.129679 -81.611643 -20.275270 9.852990 13.208662 14.965444 -35.168119 -31.901451 -36.936748 131.144190 34.004755 -21.314472 57.840392 2.561922 22.502531 -59.645053
19 5.039151 -65.079613 -87.001541 -34.330013 -30.354915 -52.070880 -11.560552 122.526296 10.544686 -26.257845 48.084851 -19.347865 -23.176528 -33.909470 -37.337800 -45.136082 15.487432 -23.817573 152.222828 83.818509 -28.192639 8.368299 37.821123 55.670722 -22.010593
3 35.618349 31.723008 81.567669 10.090624 -64.370511 5.522403 -18.909783 8.485248 -44.836210 -48.123091 -40.624492 69.358154 -61.054914 6.221983 -61.974662 22.254276 -62.104050 30.315917 65.696992 27.645646 -13.003261 -9.394301 -30.638471 62.850322 -2.316850
19 -1.568586 -20.511022 -84.682339 -8.277829 34.708583 -81.344153 -29.576725 27.696045 15.227710 19.876692 4.297638 -3.807486 64.853948 -47.362712 -4.777369 -16.144382 61.280388 -154.819024 177.172874 113.321564 -49.258089 37.798713 41.006665 -77.358657 -17.752465
19 -40.942445 -66.783129 -49.165966 -7.956483 -76.854463 -39.804982 53.788250 -1.355372 -52.967407 5.134277 42.174933 -37.738565 7.692536 -2.956331 8.199640 15.682948 38.274612 29.591640 111.249669 18.616005 27.186874 3.798887 51.233243 -40.811035 4.712654
19 13.765272 -92.274537 28.686587 -31.096682 35.873933 -82.305343 -39.915268 69.713741 64.430447 5.814200 -98.323509 -175.818467 0.239933 -59.220970 -82.210849 -74.158423 60.013672 41.365509 257.738148 -42.341095 -0.219240 91.887539 50.397586 88.147386 -30.189588
22 -85.052621 -98.439247 -89.837901 -14.279388 -27.923041 -74.177062 37.179388 5.616116 34.287775 64.895613 39.646849 -17.083495 -19.364363 10.615218 18.521456 -68.022130 33.142756 47.020502 72.666615 -30.798204 20.183189 101.400150 29.115569 -6.995071 17.681315
20 100.027910 11.079568 -35.192787 9.245352 18.355566 -67.942081 -58.742680 -31.509529 -66.620670 -22.990202 -30.388364 -109.932977 140.437298 -88.499511 -3.522531 78.468445 38.872222 -57.519973 6.690597 189.152550 17.835619 -9.612488 -40.357774 4.093592 8.572834
20 13.229779 72.781849 -71.045539 59.842354 33.093318 -10.376872 57.508034 6.684396 17.138645 -79.682102 -19.425359 1.794508 -25.229430 10.306469 -39.302372 -31.642735 -50.503500 -63.321922 78.844941 95.840636 -36.732304 -79.593250 86.956087 -44.441029 17.275385
20 60.485786 -50.611165 -22.220650 85.072338 -55.951816 39.427379 70.787605 57.031614 -153.819076 -32.546562 -67.974411 -72.748852 53.727252 -21.238388 -30.376102 7.155824 -25.565595 15.380754 42.035757 154.067363 4.529669 7.468829 -52.750359 31.396651 -42.763855
19 -9.592400 -83.830673 -81.547624 46.061672 28.365090 -79.586168 18.913907 72.470026 -88.463541 61.044439 29.188279 -166.616713 -49.163020 3.178917 15.184088 -34.543388 53.492942 54.839699 153.263470 83.631579 -2.714056 -7.183533 86.393160 -94.897983 -7.888190
13 18.861158 30.744706 29.942682 -50.149148 -82.405093 -96.457490 -64.579778 32.667416 -40.961679 -53.137344 -19.117190 117.673550 128.322999 8.196797 -36.429500 74.542362 10.017262 -106.113380 73.992760 -19.813908 -32.896612 -19.401559 31.286512 76.815732 -11.601265
20 60.614734 48.331485 43.809949 47.970785 -15.842644 9.703000 -19.932923 5.281734 -30.918926 -9.102552 -75.075789 36.375463 76.089970 -82.635129 58.478884 -4.178998 -67.258723 -101.441746 -17.989998 106.801608 -21.329757 -50.716789 -54.573387 15.757984 41.781759
13 5.734759 4.715209 -24.149954 -38.739855 -116.647457 -70.837537 35.376710 -73.893304 5.125377 -47.111905 -19.039343 81.666292 124.061745 -41.436480 63.998374 9.159051 -71.471375 1.906259 -75.315014 52.547741 31.224018 13.405247 17.376328 69.226976 63.118131
20 124.608716 200.101160 -4.231477 -12.260761 -28.873892 -56.457218 50.846650 -103.899411 -177.007576 -71.492107 -26.735468 -56.493022 117.125790 83.943839 4.433858 52.856327 7.892552 -130.790223 -69.903855 325.209864 -8.196607 -38.372454 -11.198384 -191.877997 20.771665
20 316.262548 321.784250 -76.948702 208.522939 150.852088 343.115626 -55.506927 -116.218569 -150.549066 -263.940385 -117.678540 -331.180333 234.051729 -134.948100 -42.191621 -19.941492 39.884329 -461.418373 -117.651899 450.104739 -59.157650 84.689838 -43.716182 -436.124971 277.904671
20 34.335226 84.748628 -35.692752 -24.036207 -78.187361 -48.293010 36.996108 -1.151800 -119.077145 -30.938638 -38.736919 14.039901 50.571579 -18.706114 7.740320 77.897593 -31.992777 -111.061238 42.697396 179.728328 6.698158 -28.430066 21.007603 15.330841 -5.487665
21 32.427054 -86.738183 -85.519457 -41.046227 7.723544 -35.085072 50.843632 17.866561 -11.659658 -10.297469 11.457967 -90.312048 12.046690 -23.648225 -49.460983 28.142866 46.530044 -32.625578 91.493771 52.036171 115.223076 -23.285386 82.594217 -41.931261 -16.776064
23 39.027954 16.159842 -74.693244 -47.859315 -62.373708 1.722417 5.034079 -3.597529 -24.672050 -91.002729 -4.710135 -51.535192 56.501730 49.774003 64.897075 0.223848 -33.196765 47.467679 -26.541222 4.993998 47.434439 -8.974738 79.409901 7.204054 9.305604
21 4.034249 -83.585892 14.509889 -72.156315 -79.523057 36.006824 21.704599 -7.320018 -37.632098 -33.348413 -38.033154 -43.699196 20.375157 128.737318 65.385897 -10.925827 -49.602381 38.699232 35.013213 -40.264130 153.533116 -25.539931 26.467416 -2.668537 -20.167971
21 49.350087 -6.369802 2.214022 -201.099605 -105.269916 12.299128 30.626020 -53.364538 -6.217251 78.451981 -55.954760 -53.705547 127.108694 61.556161 83.873848 39.928791 -5.590422 -72.683714 -19.897450 -22.734034 181.502220 -47.798552 -10.682164 -54.818831 49.275615
14 -53.426274 10.525111 -126.590842 -47.783687 -53.119858 -8.316895 66.693865 -54.723831 -107.663697 -1.790236 75.411909 -31.005964 64.918569 226.987061 71.737492 -36.376925 -38.702586 12.104848 -39.682447 -12.773175 74.552276 67.085048 49.949407 -117.718480 9.709296
21 5.146125 -95.283350 -129.027943 -90.910580 -49.089586 -20.990677 138.043457 -23.541878 -31.555638 66.224605 -38.578031 -144.182920 -27.130001 81.514282 -13.691894 114.293897 77.917448 17.485519 -125.732741 -41.254407 267.824813 -29.142802 63.117317 -49.828093 78.373062
21 72.399807 -12.495187 9.451340 -121.475842 -26.610131 130.411664 151.442234 -120.231376 -101.900961 106.548188 -126.553071 -122.551657 96.715914 167.002381 28.549938 82.730804 19.258956 -95.991631 -146.407488 -59.103224 270.578914 -28.456403 -14.680680 -154.213941 -4.418574
21 -11.219345 -53.493477 -62.367912 -89.514367 16.985989 -94.080854 95.524832 -54.691167 12.778997 70.479249 43.991576 -88.599859 55.321360 138.517928 3.002273 -86.041666 -56.964005 -30.917344 -4.100576 -69.573196 184.092462 -97.777808 47.529511 -13.690346 144.807723
21 10.981161 -83.339823 -112.265422 -43.997475 -57.832868 -63.731926 66.560827 -18.213336 -87.268527 116.868401 -56.464794 -151.354745 -36.365171 93.871196 42.453371 79.093993 74.085380 29.121506 9.862475 -0.567799 251.054859 -103.693477 115.600317 -84.951169 10.493032
21 13.811330 1.836927 -56.771201 -188.126325 33.036735 29.008077 102.651280 -35.198658 -74.754125 35.461159 -51.874477 -111.638543 54.481638 23.157188 0.776395 58.913929 -36.107092 24.568480 27.764459 -89.744154 148.320277 -58.744196 55.568331 23.068837 70.533713
22 -54.537610 -14.237948 -40.633659 -51.155735 -65.069066 20.439098 -33.441249 23.499096 15.563265 -87.526413 81.039955 -23.143275 84.161200 83.576728 34.019200 23.575543 43.525716 18.792519 -81.727183 -60.972273 -63.536041 178.662221 -0.865636 -49.010434 19.001973
22 -16.938846 58.788385 -23.329201 64.478160 -58.854619 122.776924 36.740929 22.733088 3.312991 -40.124287 16.814872 -147.694355 33.408279 -97.718815 -68.338065 19.567732 -18.186686 13.529073 -51.061088 -81.324327 -19.722914 205.580306 18.124101 -4.158576 11.596935
22 -36.847696 40.659142 106.752881 -53.064635 14.731557 -167.553285 -182.226300 -28.547779 15.098231 36.873545 28.744318 -76.591247 19.511878 -55.436581 6.902307 82.506330 39.081559 66.812659 -295.085978 18.694803 -34.708960 263.059067 104.191222 -14.547891 100.990842
19 -68.850986 12.107714 -22.156914 -27.277197 78.083731 26.709961 81.058625 57.651908 -16.042747 -52.018004 -49.545828 78.797334 -14.308233 7.085725 32.057353 -98.377827 -94.230078 -126.317721 95.981408 -18.141893 -56.148013 91.856564 -85.133174 87.284153 79.874115
22 -153.348123 6.664052 -149.625201 -2.030035 -10.260647 69.181927 24.452237 -81.700891 29.193383 -66.213452 102.029963 25.603441 44.461464 -37.366732 -20.176222 82.919973 -83.550621 18.597096 -94.554705 -55.735433 19.952261 310.601942 -53.797510 -62.022081 136.723900
7 -45.823942 -11.638739 -83.468078 71.538371 52.451514 39.777357 77.427321 -14.633104 41.740338 -77.252119 57.814152 -27.592098 9.515170 39.580007 -13.596224 -61.533691 -41.901913 -37.747111 33.799263 7.919566 -53.711251 14.055902 -15.489135 -8.699862 47.468290
22 -9.937353 -35.240131 -135.346482 -4.329798 10.649559 29.238254 -15.116055 54.720503 152.984663 -78.544837 -42.433388 -25.472186 16.775488 -178.325768 -0.895842 -1.646522 47.056678 5.346933 67.751187 -65.093156 -14.803653 185.474068 78.215119 -18.641394 -22.385895
2 68.298438 173.758415 -59.604812 6.736744 107.138878 68.714925 104.162033 -35.530646 -84.757174 -220.438869 -82.330058 -40.211945 57.817471 -51.537446 8.989565 -33.181758 -56.019674 -76.834047 -68.042972 77.298026 -73.535640 67.580576 36.063177 28.441837 77.024938
22 -15.559681 36.929867 -124.539997 -68.423594 -86.995933 -7.456320 -22.450771 25.801467 68.854115 -150.755359 -45.236580 -28.330274 107.327756 -0.743677 4.310486 29.664047 -53.871157 -22.759201 -24.425414 -1.992522 12.905749 121.223922 101.277659 50.534485 94.710914
3 -42.295358 -31.431162 126.297042 -8.075046 -9.789833 -91.772957 52.262969 25.264008 7.074130 18.381899 -36.235658 -45.683706 99.505482 39.492515 -12.205980 -139.098657 24.532124 -19.368090 85.110788 -35.074849 -4.961825 73.415040 -47.658624 -5.305275 -22.378990
23 2.784225 -79.170512 19.906636 -46.415058 -65.646986 -93.887143 24.895134 -5.046162 -27.327370 -1.501177 28.251246 38.951317 -54.838939 40.402465 -7.710104 42.821107 -62.305933 6.023554 102.626010 -24.042652 49.232287 -94.855434 153.137122 33.329981 20.386375
23 -64.672190 -100.566074 123.638154 24.707391 45.341830 -79.228267 -38.090113 -40.875264 -59.080178 84.075337 0.456884 -115.184440 -36.529308 51.404303 -150.020636 -2.641161 4.848760 102.649717 147.915041 -65.596509 21.119449 -23.149544 148.434185 -3.174511 24.217130
23 -31.591045 -50.426659 -119.705589 -34.508329 -172.879607 -136.604517 21.725787 -2.039159 57.608265 -38.145994 20.492936 -17.240881 -112.210289 26.448751 79.355283 0.194009 -73.784248 97.509055 118.175776 60.201543 74.172501 -30.177340 221.402498 32.268095 9.759144
23 -12.484157 -93.831089 -106.948095 -32.594083 -16.341638 -72.636223 30.920417 0.431024 -1.943279 -45.652558 -35.817815 -67.692651 -74.311245 29.973288 58.767442 -22.253607 -17.078594 81.956939 169.191911 -29.740510 83.584890 30.748317 171.332012 -16.855509 -10.725201
21 12.035410 -22.460274 -132.185790 -123.302526 -32.514415 -4.793538 -83.322872 -78.014404 -3.928666 -49.941758 -33.939919 19.323087 -21.818984 -10.841737 34.222559 40.362757 0.557300 67.867601 -16.425104 18.752242 136.065407 111.361204 129.890115 -7.352518 50.404808
19 -3.108859 -10.742107 -31.317962 -25.705029 133.702994 -68.502942 19.992652 -21.570479 14.247706 -61.177999 -133.900376 85.924929 16.996430 -41.130311 -49.853282 -72.200566 -19.132305 -72.486345 149.616457 -22.169223 33.435009 -47.780786 124.660677 33.837515 68.364181
23 -94.864669 -91.803506 -101.337985 -84.656571 -64.354618 -70.339814 34.435331 11.327352 67.489618 66.205857 16.824406 40.522015 -5.535079 54.894332 94.746470 19.835277 -47.200188 -74.495264 35.885902 0.394880 96.264535 8.235408 189.165031 -140.109388 38.470652
8 -8.250499 -47.437038 -54.718254 9.062942 -107.917903 8.146551 59.485515 117.343510 28.307921 -73.857467 -60.766921 22.182180 10.843659 -37.112136 6.050330 -8.784574 3.401676 -135.213407 64.557191 100.876177 -17.284504 -22.570353 82.950593 12.574133 48.130660
23 -10.789705 -33.543450 -103.277759 -63.575495 13.689268 -38.556761 75.114928 16.929925 103.594017 -96.198569 -24.937830 -40.323944 -42.506313 57.934722 71.669882 -55.451431 6.415225 30.459328 50.346448 -57.086747 23.976134 -16.557812 164.708649 -56.105425 24.072703
23 -91.512783 -55.316118 -121.951395 -55.283483 -45.919155 -102.609439 7.595103 0.922350 95.054283 -14.348244 92.011853 7.679562 -94.789411 -11.194971 42.744753 -83.007487 58.433260 67.788459 62.636761 -3.138032 9.702194 103.640926 116.818372 -94.680794 108.723417
24 1.687887 -1.493089 43.106164 61.626864 -87.713000 33.375323 -30.306349 28.946083 -2.782941 7.498858 -44.815236 1.397661 62.313828 -53.024524 -79.859493 -7.207633 -14.495742 -49.894419 -15.461872 -14.588095 59.634747 39.223653 -69.735984 180.104897 -47.537594
24 -31.491123 -13.616417 108.924505 -32.654066 -9.618260 -15.759528 82.013108 127.295560 -52.472215 -49.582281 -116.485696 -24.700462 26.004722 -36.079682 -65.387260 -36.266782 33.223129 -51.879952 75.285903 -42.757122 -22.100588 -16.009023 -34.425306 212.079085 -13.540258
24 -41.089029 -6.884146 68.736197 38.227293 -29.031954 -36.378782 26.674672 55.727794 -54.146230 53.979054 -38.522644 -57.725914 17.083856 -60.395804 -66.668389 30.512891 5.218992 -30.336175 31.674738 11.741426 13.770100 5.485082 -81.094390 134.278102 9.163246
24 -20.418896 -47.677020 48.753204 26.431211 60.314282 6.484320 -12.607178 101.892237 -27.945306 -19.854962 -21.598710 -22.180462 50.836578 -136.911730 -69.244147 -30.638420 -39.992144 -33.393479 45.890407 4.666983 -4.568889 13.930508 -39.133961 148.963767 18.001798
24 -34.844590 -31.980967 36.421755 -0.678369 -39.523666 -5.097624 -33.750789 31.979147 -27.206562 15.770177 -29.411286 18.513878 85.840208 -72.778915 19.954162 20.717344 -68.676048 -31.866743 4.936825 32.608555 -6.616345 -9.301618 -25.534411 123.896384 26.629495
24 -35.145644 -41.040561 21.380897 -64.871023 14.787052 2.654650 -0.363073 16.910856 -34.980480 -7.005633 0.073428 40.036437 90.173877 -139.581849 -47.381832 36.428364 -28.161644 -52.769469 -22.215814 7.499878 47.644458 2.174528 -35.370715 152.265922 76.857377
24 -69.796563 25.511160 110.051233 -36.847085 143.140312 44.379346 36.972150 59.054582 -69.405816 -14.676900 -91.368670 19.862488 -28.782071 -66.945163 -48.498591 -72.680225 -80.264781 -35.510622 31.860020 -30.995030 -22.938331 -25.430371 -48.354613 226.034380 45.629151
5 143.438867 124.331131 28.129133 11.001365 177.987728 40.314762 48.576126 69.515244 -107.626812 -263.633344 -75.422142 -28.034019 105.997509 -78.125513 -88.152234 -84.209171 3.934916 -104.643272 41.757993 -38.374199 -52.072289 -80.161373 -38.393277 136.029930 107.832920
25 -61.043536 -46.781896 133.307586 27.130678 -87.376402 -33.207282 57.721906 97.615835 -53.604128 -13.170339 -59.305739 -72.313802 69.977472 20.535078 -29.405120 -65.025937 -14.986532 -59.356758 26.862951 -28.277245 -23.383066 -14.389581 -123.091287 163.603804 187.963326
24 -20.005572 -30.185137 77.481067 -6.971926 13.346394 3.732881 77.689792 88.704964 -42.790919 -59.460612 -119.982728 -36.590731 19.709039 -32.570292 -5.050815 -137.409595 -111.949342 -102.060597 124.451235 88.901711 -44.328802 -24.268488 -54.023916 256.342055 77.290314
25 48.983841 31.307075 -73.908491 65.790198 -105.403171 66.505470 193.413333 -76.244655 -0.558040 -64.651293 14.134635 -8.328053 36.364100 32.064166 60.897855 -66.290962 -46.402610 -140.376387 -13.603367 -97.257943 23.842166 -153.362876 -36.174993 -9.007868 318.267854
4 -47.578960 -54.193616 11.384465 128.125409 11.245238 74.773153 32.273234 -75.985536 -27.067378 69.880134 43.687392 24.163312 8.848940 -64.200166 -52.788034 -32.993121 -90.536374 -40.499687 -35.770897 -35.962816 45.974467 16.146392 -41.129693 11.783609 120.420522
25 -119.330700 -20.673912 -34.179879 93.021625 83.306936 -3.118461 59.743244 38.648498 -125.667129 0.883824 55.998744 -32.260434 90.806036 -56.753215 -57.142107 71.073218 1.694836 -102.570195 -62.629627 83.252419 -3.272607 44.829199 -40.363127 -85.965909 120.668706
25 5.056375 -37.064081 -9.121369 -19.544277 -43.415892 106.615965 40.649989 1.011479 -44.563208 16.763234 16.741360 -60.035532 72.635149 -96.190948 -39.184836 28.378359 -7.630256 -45.437878 -66.363205 -16.828456 60.044704 58.990241 -55.815464 -66.896578 201.205107
25 -22.671099 54.352686 66.130462 -108.984648 -15.531517 -4.054040 57.509072 63.391264 -45.578240 -7.800198 60.791116 -4.802363 77.660428 -45.394044 -3.189360 -20.240518 -75.605271 -143.552954 48.691622 -0.030770 -50.373719 -80.937752 -34.956290 112.048892 123.127224
25 -79.183023 -80.625342 -76.291625 55.020046 -30.814398 -78.265701 15.965401 -26.177178 7.012463 45.111392 -84.368527 96.844899 22.620930 -124.359124 26.078437 -17.718005 -31.789122 -74.407614 20.154069 -48.290139 88.316435 -6.865880 117.915215 66.167708 197.948665
25 22.921412 -22.564675 -98.010397 -27.858170 37.328796 -13.866088 130.675750 -17.631645 66.918242 -33.106585 139.892960 -95.047591 41.677092 -35.793412 -26.263911 29.205136 -6.693831 -156.943588 -155.693796 -53.861318 55.111316 -7.780220 52.849155 -13.593724 188.129070
25 -9.384055 70.888655 -155.863655 -102.842490 148.112398 -47.741851 39.293519 -139.578534 114.171280 17.195029 -39.397121 67.473259 10.992213 -84.535361 223.435782 -38.086741 -146.185192 -199.785579 -95.593766 -36.862139 106.885063 -82.612622 86.583448 13.268960 280.169474
8 22.077953 1.860796 -52.229112 -110.702975 50.803679 51.455893 192.685871 226.065631 10.082889 -167.951033 11.920603 -84.014702 22.519813 -32.924512 -22.426240 -102.271140 -56.707082 -162.569916 37.433536 -62.644016 15.166897 -58.421364 23.174629 80.438545 167.175330
25 -62.198824 113.619922 -11.481026 -149.160368 89.536868 -80.021218 31.425892 -3.021505 -6.309370 -41.156524 37.737167 35.544196 -6.165263 12.198464 -25.051291 9.082664 -18.815367 -174.319857 106.241199 -18.057186 24.101599 -109.828653 107.612601 -5.510874 143.996735
