9.59834e+08
4.24892e+08
2.52948e+08
2.03147e+08
1.66609e+08
1.34285e+08
1.19155e+08
9.87204e+07
8.64744e+07
7.46098e+07
7.21974e+07
6.89603e+07
6.08946e+07
5.46106e+07
5.14651e+07
4.75836e+07
4.48378e+07
4.20021e+07
4.12843e+07
4.00695e+07
3.77573e+07
3.60825e+07
3.48947e+07
3.24562e+07
3.06956e+07
2.95418e+07
2.88893e+07
2.81641e+07
2.70302e+07
2.54621e+07
2.48507e+07
2.38349e+07
2.33806e+07
2.2264e+07
2.15797e+07
2.08636e+07
2.06024e+07
2.01797e+07
1.99536e+07
1.92416e+07
1.87131e+07
1.85338e+07
1.79829e+07
1.74241e+07
1.69077e+07
1.67278e+07
1.61946e+07
1.60724e+07
1.55568e+07
1.54073e+07
1.51019e+07
1.48445e+07
1.45753e+07
1.42773e+07
1.42207e+07
1.39419e+07
1.36062e+07
1.35636e+07
1.3065e+07
1.29897e+07
1.28459e+07
1.22609e+07
1.21488e+07
1.20087e+07
1.18009e+07
1.16387e+07
1.15623e+07
1.12845e+07
1.10752e+07
1.09637e+07
1.08865e+07
1.05423e+07
1.04965e+07
1.0296e+07
1.02124e+07
1.014e+07
1.00357e+07
9.89337e+06
9.79813e+06
9.69858e+06
9.34101e+06
9.27512e+06
9.2013e+06
9.12581e+06
9.02346e+06
8.8824e+06
8.81536e+06
8.76678e+06
8.63001e+06
8.43335e+06
8.39283e+06
8.33869e+06
8.2326e+06
8.10793e+06
8.04269e+06
7.98626e+06
7.91815e+06
7.83508e+06
7.79065e+06
7.71373e+06
7.68347e+06
7.59953e+06
7.5395e+06
7.43075e+06
7.32465e+06
7.22482e+06
7.15683e+06
7.14707e+06
7.03256e+06
7.02719e+06
6.90035e+06
6.82311e+06
6.77666e+06
6.74248e+06
6.60506e+06
6.58571e+06
6.50835e+06
6.45331e+06
6.40941e+06
6.34828e+06
6.31321e+06
6.2395e+06
6.14275e+06
6.08499e+06
6.07412e+06
6.05304e+06
6.02095e+06
5.98129e+06
5.95622e+06
5.90372e+06
5.86656e+06
5.83724e+06
5.80352e+06
5.78908e+06
5.74501e+06
5.64762e+06
5.61256e+06
5.58397e+06
5.53971e+06
5.50876e+06
5.47187e+06
5.4397e+06
5.39657e+06
5.27438e+06
5.25236e+06
5.2303e+06
5.21105e+06
5.13816e+06
5.08421e+06
5.05227e+06
5.01055e+06
4.99831e+06
4.94878e+06
4.92994e+06
4.89279e+06
4.88643e+06
4.82679e+06
4.76551e+06
4.75793e+06
4.73436e+06
4.71794e+06
4.69173e+06
4.66809e+06
4.6592e+06
4.62283e+06
4.60533e+06
4.57416e+06
4.53504e+06
4.51498e+06
4.50664e+06
4.48647e+06
4.42972e+06
4.38957e+06
4.37201e+06
4.33445e+06
4.3088e+06
4.29228e+06
4.25192e+06
4.22149e+06
4.19366e+06
4.17437e+06
4.1349e+06
4.11687e+06
4.09689e+06
4.078e+06
4.06193e+06
4.0493e+06
4.00976e+06
3.99468e+06
3.96857e+06
3.94364e+06
3.93305e+06
3.91928e+06
3.87178e+06
3.86552e+06
3.83858e+06
3.81636e+06
3.78691e+06
3.74055e+06
3.73445e+06
3.69922e+06
3.67648e+06
3.66707e+06
3.65586e+06
3.64181e+06
3.61511e+06
3.60918e+06
3.58019e+06
3.56814e+06
3.55289e+06
3.54341e+06
3.51661e+06
3.50109e+06
3.4969e+06
3.47214e+06
3.44609e+06
3.42181e+06
3.4116e+06
3.40417e+06
3.37219e+06
3.36312e+06
3.3425e+06
3.31622e+06
3.29295e+06
3.28505e+06
3.276e+06
3.26102e+06
3.23445e+06
3.21568e+06
3.20696e+06
3.1859e+06
3.16769e+06
3.146e+06
3.13577e+06
3.12415e+06
3.09886e+06
3.08195e+06
3.07891e+06
3.05338e+06
3.0493e+06
3.0279e+06
3.01782e+06
3.00721e+06
2.99961e+06
2.99049e+06
2.97932e+06
2.96749e+06
2.94922e+06
2.93455e+06
2.92145e+06
2.89966e+06
2.88471e+06
2.87105e+06
2.86496e+06
2.8619e+06
2.84406e+06
2.82109e+06
2.80844e+06
2.78401e+06
2.78068e+06
2.76779e+06
2.75319e+06
2.73197e+06
2.72912e+06
2.7099e+06
2.70559e+06
2.69921e+06
2.67287e+06
2.65891e+06
2.64992e+06
2.64041e+06
2.63023e+06
2.62449e+06
2.60678e+06
2.59691e+06
2.57899e+06
2.5727e+06
2.56795e+06
2.55742e+06
2.54489e+06
2.5357e+06
2.51659e+06
2.51014e+06
2.49153e+06
2.48735e+06
2.48122e+06
2.46255e+06
2.45362e+06
2.43728e+06
2.43317e+06
2.42887e+06
2.42062e+06
2.41431e+06
2.40426e+06
2.39203e+06
2.38294e+06
2.36751e+06
2.36037e+06
2.34953e+06
2.34273e+06
2.33202e+06
2.31355e+06
2.30263e+06
2.2995e+06
2.29053e+06
2.27731e+06
2.25888e+06
2.25541e+06
2.24843e+06
2.24045e+06
2.23304e+06
2.21903e+06
2.21065e+06
2.20612e+06
2.20092e+06
2.18669e+06
2.1766e+06
2.16334e+06
2.15602e+06
2.15339e+06
2.14127e+06
2.13433e+06
2.12691e+06
2.11492e+06
2.1118e+06
2.10215e+06
2.07977e+06
2.07733e+06
2.06688e+06
2.05522e+06
2.04727e+06
2.03984e+06
2.03466e+06
2.0273e+06
2.02017e+06
2.01387e+06
2.00825e+06
1.9952e+06
1.98796e+06
1.97547e+06
1.96815e+06
1.9616e+06
1.95377e+06
1.94737e+06
1.94297e+06
1.94098e+06
1.93607e+06
1.92552e+06
1.92184e+06
1.90411e+06
1.89997e+06
1.89555e+06
1.89093e+06
1.88621e+06
1.87479e+06
1.86674e+06
1.86284e+06
1.84105e+06
1.833e+06
1.82655e+06
1.81762e+06
1.81139e+06
1.80461e+06
1.79808e+06
1.79269e+06
1.78828e+06
1.78303e+06
1.77373e+06
1.7657e+06
1.75994e+06
1.75657e+06
1.74512e+06
1.74156e+06
1.7331e+06
1.72696e+06
1.71903e+06
1.71079e+06
1.70619e+06
1.69723e+06
1.69132e+06
1.68589e+06
1.67888e+06
1.67644e+06
1.66781e+06
1.66326e+06
1.65188e+06
1.65023e+06
1.63724e+06
1.63175e+06
1.62422e+06
1.62244e+06
1.61969e+06
1.6176e+06
1.60611e+06
1.59654e+06
1.58884e+06
1.58476e+06
1.5769e+06
1.57066e+06
1.56127e+06
1.55192e+06
1.55065e+06
1.54773e+06
1.54566e+06
1.53449e+06
1.53244e+06
1.52394e+06
1.52071e+06
1.51287e+06
1.51059e+06
1.50857e+06
1.49821e+06
1.49167e+06
1.48909e+06
1.47943e+06
1.47787e+06
1.47273e+06
1.46273e+06
1.46069e+06
1.45806e+06
1.45001e+06
1.44193e+06
1.43942e+06
1.43013e+06
1.42615e+06
1.42147e+06
1.41826e+06
1.40985e+06
1.40651e+06
1.4054e+06
1.4025e+06
1.39798e+06
1.38991e+06
1.38695e+06
1.38014e+06
1.37734e+06
1.37281e+06
1.36887e+06
1.35677e+06
1.35546e+06
1.34772e+06
1.34328e+06
1.34026e+06
1.33534e+06
1.32631e+06
1.32293e+06
1.31568e+06
1.31013e+06
1.30411e+06
1.3008e+06
1.29662e+06
1.29083e+06
1.28704e+06
1.28168e+06
1.27597e+06
1.26854e+06
1.26257e+06
1.26025e+06
1.2566e+06
1.25426e+06
1.2514e+06
1.24417e+06
1.24264e+06
1.23875e+06
1.23577e+06
1.22806e+06
1.22521e+06
1.21676e+06
1.21264e+06
1.21025e+06
1.20317e+06
1.19982e+06
1.19181e+06
1.18646e+06
1.18276e+06
1.18029e+06
1.17798e+06
1.1733e+06
1.16971e+06
1.16571e+06
1.16242e+06
1.15651e+06
1.15466e+06
1.14653e+06
1.14346e+06
1.13895e+06
1.13776e+06
1.13251e+06
1.13054e+06
1.123e+06
1.12159e+06
1.1196e+06
1.11758e+06
1.10974e+06
1.10528e+06
1.09871e+06
1.09475e+06
1.09008e+06
1.08637e+06
1.08326e+06
1.07842e+06
1.07784e+06
1.0726e+06
1.07009e+06
1.06607e+06
1.06201e+06
1.05475e+06
1.05252e+06
1.04626e+06
1.04257e+06
1.04061e+06
1.03568e+06
1.02962e+06
1.02751e+06
1.02428e+06
1.02043e+06
1.01869e+06
1.01471e+06
1.01449e+06
1.00755e+06
1.00496e+06
1.00289e+06
996053
991991
990399
987358
982808
975003
972137
971678
968765
964524
962221
957581
954025
947288
946073
942894
937603
934665
930350
925490
923897
922966
917433
911766
911263
906705
904503
900439
899862
893608
891742
889597
885709
882660
878515
875614
873567
871679
865332
863410
859948
854473
851563
850143
845738
844439
841070
836919
834135
827260
825844
823614
822134
816715
815555
812612
807965
803969
801587
797887
796841
794496
790070
788955
784745
782597
779566
779257
775269
771633
769272
767059
764211
758938
758216
756101
749715
748381
746477
742601
740890
737669
736139
733115
731748
729314
725357
721457
719687
719104
716285
715467
710845
707811
704903
703808
702042
700976
695904
691068
690615
687238
684231
683615
680249
679528
676185
669919
666266
663595
662830
660782
658975
655298
654484
651276
649815
647647
645318
642156
641342
638009
635900
632562
629783
628556
628011
622440
620567
618518
613965
613545
612060
609693
607242
606281
604096
602980
598259
598197
595377
592419
589702
587163
582557
579946
579366
577162
575110
573106
571928
569976
569321
566570
562738
560749
560104
557961
555452
552672
551022
548225
546013
544651
541094
540410
538957
536034
532197
530285
529361
528780
525840
524900
522594
519893
519654
517524
513187
511184
510153
507078
505248
503322
500912
500132
497735
496594
494862
491087
490177
488073
486642
485088
481400
480656
477707
477071
474664
472391
469678
468356
465570
464905
463684
462819
460414
458985
457206
455917
452790
450191
447292
445870
445355
443784
442516
441129
439242
438160
435187
432614
429925
428721
426716
425075
422851
419857
419627
417986
417169
415986
414264
412127
410278
407652
405407
404141
403129
399209
397487
397009
395918
395659
393184
390763
389318
388723
386405
385468
385258
381923
380643
378773
377572
375481
374576
372065
370993
369107
368451
367479
364367
361920
360452
359021
357725
355475
354446
353426
351719
349878
348088
346299
345836
344940
340965
340311
339514
338549
337561
336533
334906
332366
330721
330200
328490
327264
325825
323742
322201
320488
320424
317690
316749
314969
313320
312543
311237
309795
308515
307914
306862
305339
303824
302200
299797
298902
297729
295513
294232
292897
292594
291512
289712
288087
286231
285162
283496
282192
281772
280467
278346
277876
276824
275207
274731
273148
272216
271139
269249
268029
267113
265902
265082
263462
262336
261342
259477
258667
257179
255525
254727
253345
252217
251374
250736
249805
247725
246013
244953
243915
243434
241925
240985
239906
237965
237357
237183
233686
233354
233009
232382
231436
229608
228919
227964
226670
225124
224381
223553
220898
219678
219498
218024
217697
216976
216201
215435
213764
212751
210934
210216
209137
208052
207406
206637
205300
203672
202606
201116
201000
200182
198197
198004
197214
196883
195398
194054
193771
192116
190940
189640
188952
188848
187124
186286
185171
184496
183516
182551
181482
179828
179179
178727
178407
177309
175648
174963
174587
173461
172927
171873
170738
169070
168488
167357
165985
165714
165004
164372
163568
162493
161940
160887
160567
159010
158550
157953
156717
155784
154730
154018
153614
152869
151623
150794
150154
149471
148208
147733
145606
144818
143437
142696
142259
141598
140942
140531
139822
138101
137773
137467
136856
135944
135233
134657
133926
133065
131665
131008
130243
129077
128453
127579
126954
126606
125792
124289
123995
123481
123021
122427
120967
120179
119898
118985
118851
117623
116541
115811
115520
115117
114155
113261
112911
111693
110978
110563
110062
109561
109263
108044
107474
106983
105958
105653
103971
103546
103212
102925
101762
101090
100255
99137.2
98378.3
97829
97395.2
96835.3
96379.1
95737.1
95335.9
94645.6
93280.8
92669.7
92338
91566.2
91292.5
90693.1
90327.6
89143.2
88729.8
88159.8
87444.1
86975.7
86083.8
85543.5
84719.8
84424.5
84302.8
83175.2
82700
82083.1
81656.8
80969.6
80667.1
79968.6
79660.2
79099.1
78562.6
78206.2
77276.9
76916.8
76766.1
75114.2
74945.2
74434.3
73985
73725.8
73470.2
72635.5
72240.4
71824.2
71113.9
70868.9
69943.3
69068.9
69036.2
68094
67083.3
67004.8
66354.3
65910.1
65554.2
65030.3
64521.1
63460.9
62964.2
62511.3
62268.3
61803.9
61399.4
60852
60243
59476.1
59333.3
58492.9
57503.6
57111.8
56718.3
56545.9
55918
55463.9
54764.6
54521.6
54229.8
53893.9
53386.5
52874.2
52634.8
52153.8
51617.8
51045.6
50699.7
50351.3
49943.5
49203.2
48754.4
48670.2
47802.7
47343.3
46975.7
46705.8
46287.4
46029.3
45512.9
44738.4
44134.9
43686.2
43122.7
42817.7
42620.3
42007.4
41887
41114.3
41041.2
40777.6
40378.4
39983.9
39686.7
39303.2
39043.1
38127.9
38076.6
37781.3
37574.6
37104.8
36827.6
36493.6
35923.3
35642.1
35058.5
34642.9
34432.4
34104
33749.5
33545.5
33261
32874.8
32364.8
31987.3
31646.8
31278
30724.3
30341.3
30151.8
30099
29859.5
29376
29055.5
28552.3
28297.2
27878.8
27496.6
27109.1
26995.7
26368.4
26236.2
25693.9
25101.9
24705.1
24480.4
23915.1
23780.1
23397.6
23160.3
22948.3
22649.4
22571.7
22208.9
21591.5
21527.9
20775.5
20618.8
20322.5
19913.2
19743
19398.8
19112.6
18855.4
18482.7
18371.8
17918
17809.6
17007
16916.1
16782.9
16226.7
15900.3
15574.8
15258.6
15009.2
14749.2
14593.2
14260.2
14024.1
13625.8
13008.7
12911.5
12602.9
12284.1
12146
11756.3
11666.2
11042.5
10883
10596.8
10328.6
9706.55
9537.08
9419.19
9036.75
8522.23
7755.14
7284.64
6208.41
2279.41
1.16311e-05
1.19809e-06
1.75704e-07
9.50764e-08
9.46084e-08
5.20032e-08
4.90624e-08
4.35231e-08
4.16427e-08
4.14803e-08
3.90429e-08
3.78986e-08
3.73806e-08
3.6967e-08
3.6933e-08
3.65752e-08
3.64175e-08
3.63125e-08
3.58167e-08
3.54358e-08
3.53471e-08
3.51201e-08
3.48302e-08
3.48131e-08
3.46062e-08
3.4163e-08
3.3934e-08
3.39234e-08
3.38381e-08
3.37514e-08
3.34472e-08
3.32758e-08
3.32273e-08
3.29706e-08
3.29505e-08
3.29272e-08
3.2848e-08
3.27478e-08
3.27153e-08
3.27134e-08
3.2667e-08
3.25231e-08
3.25069e-08
3.23618e-08
3.23509e-08
3.23339e-08
3.22654e-08
3.22262e-08
3.22035e-08
3.21731e-08
3.19116e-08
3.17933e-08
3.17159e-08
3.16416e-08
3.1599e-08
3.15982e-08
3.15793e-08
3.15515e-08
3.14876e-08
3.14829e-08
3.1429e-08
3.11166e-08
3.11099e-08
3.09189e-08
3.08105e-08
3.07125e-08
3.06737e-08
3.06191e-08
3.05614e-08
3.04869e-08
3.0421e-08
3.03517e-08
3.02566e-08
3.0238e-08
3.01932e-08
3.00379e-08
2.99442e-08
2.99172e-08
2.97987e-08
2.97432e-08
2.97411e-08
2.95092e-08
2.93278e-08
2.93271e-08
2.93082e-08
2.92753e-08
2.91905e-08
2.91748e-08
2.91479e-08
2.91472e-08
2.91148e-08
2.89021e-08
2.88757e-08
2.88598e-08
2.87894e-08
2.87429e-08
2.84526e-08
2.8426e-08
2.83543e-08
2.83249e-08
2.83174e-08
2.83143e-08
2.82096e-08
2.81939e-08
2.8172e-08
2.80215e-08
2.79466e-08
2.79396e-08
2.79051e-08
2.78691e-08
2.78237e-08
2.78211e-08
2.77161e-08
2.76675e-08
2.717e-08
2.70359e-08
2.699e-08
2.69697e-08
2.68781e-08
2.68327e-08
2.6817e-08
2.67353e-08
2.6712e-08
2.65876e-08
2.65692e-08
2.64952e-08
2.64867e-08
2.64694e-08
2.64464e-08
2.64314e-08
2.63235e-08
2.61994e-08
2.61878e-08
2.61775e-08
2.60746e-08
2.60133e-08
2.60036e-08
2.57221e-08
2.56278e-08
2.56027e-08
2.55915e-08
2.54721e-08
2.54408e-08
2.54121e-08
2.54088e-08
2.53981e-08
2.53176e-08
2.53025e-08
2.52086e-08
2.5156e-08
2.5082e-08
2.50457e-08
2.5024e-08
2.50227e-08
2.49108e-08
2.47927e-08
2.46956e-08
2.4682e-08
2.46634e-08
2.46133e-08
2.45216e-08
2.44825e-08
2.43691e-08
2.43383e-08
2.42819e-08
2.41944e-08
2.41666e-08
2.41312e-08
2.40837e-08
2.40383e-08
2.39833e-08
2.37351e-08
2.36468e-08
2.36283e-08
2.35066e-08
2.33737e-08
2.33695e-08
2.33311e-08
2.33139e-08
2.31674e-08
2.30982e-08
2.30269e-08
2.29383e-08
2.28974e-08
2.28774e-08
2.28393e-08
2.26508e-08
2.24716e-08
2.24373e-08
2.21905e-08
2.21699e-08
2.21369e-08
2.21279e-08
2.19643e-08
2.15689e-08
2.14606e-08
2.13274e-08
2.13047e-08
2.11476e-08
2.10673e-08
2.10635e-08
2.10252e-08
2.09652e-08
2.09253e-08
2.0847e-08
2.08106e-08
2.07374e-08
2.05674e-08
2.05238e-08
2.04688e-08
2.04073e-08
2.03529e-08
2.03233e-08
2.02946e-08
2.02793e-08
2.02673e-08
2.02552e-08
2.02237e-08
1.98646e-08
1.98356e-08
1.97771e-08
1.96643e-08
1.95824e-08
1.93147e-08
1.92552e-08
1.91428e-08
1.91283e-08
1.90945e-08
1.8972e-08
1.88946e-08
1.88187e-08
1.8764e-08
1.84889e-08
1.84869e-08
1.84514e-08
1.82411e-08
1.823e-08
1.81899e-08
1.81656e-08
1.81531e-08
1.81392e-08
1.81093e-08
1.80427e-08
1.80365e-08
1.79237e-08
1.78814e-08
1.78693e-08
1.786e-08
1.78066e-08
1.75939e-08
1.75373e-08
1.74822e-08
1.74621e-08
1.73064e-08
1.71343e-08
1.67192e-08
1.6708e-08
1.66869e-08
1.6602e-08
1.64743e-08
1.63909e-08
1.61819e-08
1.61689e-08
1.60275e-08
1.59767e-08
1.58735e-08
1.57835e-08
1.56254e-08
1.55875e-08
1.54009e-08
1.52793e-08
1.51727e-08
1.50773e-08
1.5016e-08
1.49323e-08
1.48903e-08
1.45796e-08
1.43975e-08
1.42462e-08
1.39753e-08
1.39222e-08
1.38656e-08
1.38217e-08
1.37539e-08
1.37187e-08
1.37e-08
1.36019e-08
1.33048e-08
1.32151e-08
1.27894e-08
1.27676e-08
1.27371e-08
1.26156e-08
1.25057e-08
1.24132e-08
1.22893e-08
1.20647e-08
1.18891e-08
1.18857e-08
1.17094e-08
1.17034e-08
1.15825e-08
1.14538e-08
1.14416e-08
1.14323e-08
1.14186e-08
1.10954e-08
1.09046e-08
1.09027e-08
1.08131e-08
1.07841e-08
1.06296e-08
1.05789e-08
1.04974e-08
1.01665e-08
1.00046e-08
9.99762e-09
9.95232e-09
9.94889e-09
9.29626e-09
9.20876e-09
9.09078e-09
8.83857e-09
8.61294e-09
8.5978e-09
8.36696e-09
8.34425e-09
7.9006e-09
7.41894e-09
7.26149e-09
7.25547e-09
6.58637e-09
6.47907e-09
6.40466e-09
6.36225e-09
6.06675e-09
5.50782e-09
5.35191e-09
4.95453e-09
4.92078e-09
4.82548e-09
4.68392e-09
4.67977e-09
4.20606e-09
4.16485e-09
3.63597e-09
2.14314e-09
2.12079e-09
1.92768e-09
5.41158e-10
6.33195e-320
