13 54.386329 -25.893172 56.910221 7.241990 30.289782 21.744446 -29.134162 86.942319 10.700461 -22.407601 -12.563358 -4.809140 87.903668 -37.080900 11.061219 -79.691671 -69.517555 -26.189493 -4.899833 1.441671 36.538850 -69.298748 8.037121 -26.376004 -5.336442
5 -25.192992 -22.457434 -28.347275 -18.479572 56.643470 -0.782197 38.917682 1.587539 -21.829764 32.473408 16.112991 -16.619110 11.348522 5.481303 -6.586367 -65.372400 21.263866 -22.175431 43.889347 53.142441 50.007707 -91.493488 -27.943673 5.416946 10.994480
25 -9.165579 21.203611 -12.956053 -32.842421 6.145946 -5.147538 -17.406194 -34.958080 29.492372 -2.283852 -10.811328 -6.037024 -35.008582 0.385276 41.717212 6.250484 -54.501464 -22.864444 10.382612 8.963804 32.210818 16.888461 -19.666057 42.947165 47.060851
15 -28.293335 5.235464 -7.067635 -31.917581 23.736660 27.997878 -4.513122 12.634200 -9.783118 22.625309 -8.333790 36.050425 -46.373038 -6.636719 46.215888 24.422224 -33.989237 -44.389023 -0.346273 16.752120 -50.169510 22.141765 35.285329 -30.652718 29.367836
1 56.617891 -19.437563 -18.862842 -0.043507 5.816732 40.988164 -4.143426 24.479326 2.582774 -3.938058 8.976756 -17.105812 29.789970 -4.789173 42.231941 -81.054257 -89.741543 -65.679662 32.844000 2.110519 32.713257 32.145768 -28.564773 -0.425712 22.489228
8 40.563877 -37.767029 23.679787 26.249628 -33.155868 -11.590934 -0.576249 50.530529 -11.121364 -24.065874 11.181767 18.683602 5.891599 -3.033216 14.457316 -43.934391 -37.312391 -52.587020 4.825867 16.838825 -20.729075 35.937181 -6.103219 16.513934 16.622718
1 80.549089 21.620072 25.237316 2.306785 13.933027 -22.794156 3.186040 14.959196 42.020198 -15.114946 -8.051311 -49.829170 22.975290 -27.734282 13.196881 -50.297417 -80.594741 -55.303488 5.630434 -23.348750 36.999234 18.456345 7.083111 32.999089 -8.083846
1 77.048850 18.928236 -10.065368 -2.607582 -3.061730 -15.578139 -1.289171 -20.481210 3.349738 -11.665019 -2.246233 -3.228758 -4.669516 -4.481731 2.245909 9.405053 12.938388 -18.410457 -7.099979 8.285957 12.458422 8.526424 -6.555158 -46.523395 4.776469
5 -20.509035 -48.147366 -6.130167 -1.515344 54.734314 -5.120680 0.256267 -12.653037 26.113144 11.669949 -11.898015 11.767378 46.935813 -22.140881 -0.179644 -0.478537 -8.396485 -57.354047 9.074774 3.510972 36.605879 -38.925718 43.475755 -1.351176 -9.344115
4 -14.797304 -33.037731 -83.214864 56.860084 -59.950531 -23.411191 44.620826 -17.178371 46.337989 27.209009 11.605283 43.428003 -58.179102 50.184167 21.678707 25.782113 16.334341 -82.360983 44.643937 -9.550665 -4.536417 13.771374 -9.961270 -41.734475 35.457071
22 19.572053 8.231799 -15.252963 -27.717460 15.422014 -2.869721 -25.137621 12.046795 45.357309 -59.196715 -52.949729 16.161981 44.041656 -28.373102 -21.096635 22.456175 -20.185868 -0.354481 -21.939577 15.524686 -13.877209 63.862169 0.677321 -0.750598 26.347719
15 54.685742 70.192321 9.260383 -93.973174 16.194107 -25.568052 -37.990507 32.085252 25.031054 -27.106880 -96.992132 -64.630777 -45.217286 -1.081412 82.060396 38.968894 -64.402601 67.563699 -53.004919 62.287218 -74.784694 79.307391 -4.512737 32.303647 19.325064
9 -8.907368 74.992979 40.279108 -3.946092 2.072189 -12.726775 -3.623523 40.085027 114.574487 -30.224840 -58.595029 3.297057 -22.330587 -52.023566 36.175591 17.908333 -34.146686 -38.455904 -8.271452 14.799289 8.899715 -50.437696 -14.633896 31.166665 -45.927025
4 55.030955 -44.530742 -48.298918 63.542356 16.143350 -26.768074 25.999571 -10.873134 -18.214176 18.116173 -43.227247 16.764134 18.058563 28.193413 13.451009 17.508855 -47.779976 -28.418032 -2.285644 45.779268 20.792580 19.717926 -17.342313 -57.539212 -13.820686
5 -5.051484 -10.703972 20.735340 -26.689317 56.177985 -17.182127 -6.967438 10.144580 30.476036 -13.462084 -12.990507 19.548308 -25.546878 24.809749 39.742860 3.736184 17.150788 -4.577950 -55.004908 15.087515 -25.775432 -48.921771 26.909279 -1.098541 -10.546217
12 14.024421 7.481753 2.652748 -13.617445 14.840152 -13.275302 4.376913 -22.392625 -4.325073 2.122707 -44.004101 43.276117 -25.832675 8.866855 36.021250 15.549229 -13.295251 -35.193406 -2.767935 16.979438 25.049405 18.800228 -30.434888 -21.538269 16.635751
22 -10.671078 -0.076722 2.899799 -25.676498 13.093712 -49.998569 -54.889217 28.539364 50.119384 18.573527 7.958921 -7.158446 -2.626350 12.260159 20.016638 18.183294 -29.207398 -13.678605 -36.929837 -59.126868 -31.313182 74.650654 22.724782 26.753165 25.579367
16 0.741733 53.555371 -47.451073 -33.245563 -54.242984 -32.890082 -46.448551 22.959914 -11.414039 -37.982519 -41.422333 10.036031 3.561998 -7.940628 33.248747 78.059553 18.098362 -7.928400 6.462885 -20.861106 23.601267 61.408090 17.640927 15.013637 -2.561234
2 -8.851358 112.768565 -78.533551 -62.502262 11.626797 19.649902 -42.801026 -60.914675 -22.980256 -70.860191 -68.562190 4.843787 38.129069 24.268341 49.492885 47.942005 17.044511 -48.970231 0.579073 36.042272 -69.552117 61.717631 41.456009 68.169640 0.797369
25 -21.164621 25.146662 -40.214093 -56.309654 6.945613 25.893707 -9.846397 -6.926246 -46.509094 15.801987 -69.502135 37.710650 -62.087346 9.595581 65.365481 76.020079 -35.534039 9.617936 12.381810 33.407281 -3.421945 30.215809 18.058385 -114.479825 99.834415
19 49.519156 -68.849072 -0.528434 15.697432 9.230105 22.351263 3.315465 -11.834106 -11.291350 30.657977 23.101681 24.690017 60.370906 -15.968388 -8.470717 -67.266873 -30.963298 -34.458082 67.005929 -30.399439 46.119440 -99.706497 28.724815 -25.783195 24.735265
25 0.309829 -93.363389 -24.181939 -3.736197 -5.026439 -33.554141 26.797535 50.132300 9.179023 44.316180 -13.108354 5.856064 16.852414 -21.405092 46.673232 16.864811 -42.916279 1.043724 -4.427171 25.299852 55.666417 25.989933 -17.789275 -124.809632 59.336598
1 115.349908 -6.859581 20.590587 21.824115 -20.637533 -3.763114 -55.588109 78.747319 -8.052295 -19.856833 -10.971294 -7.140778 6.955830 -40.586513 -10.961934 -37.843033 -90.443252 7.595534 10.584836 -29.740845 -8.408525 58.698557 -29.312266 21.879847 37.939370
3 71.215495 -57.860481 163.961525 19.150935 24.384347 4.840754 -13.401526 108.741299 -41.714613 -28.086424 -4.519318 -49.214918 49.824644 -26.811923 14.243553 -63.239603 -105.529457 -2.161257 12.994143 23.166184 13.215218 -55.326294 -22.883649 -48.230217 13.241580
19 18.495600 -37.620624 26.529872 -38.555863 18.538356 -31.834156 -14.978092 -60.499537 -2.793716 -0.690761 -4.199170 -20.248596 -9.229605 -24.484928 -1.776665 37.825619 -29.824234 2.381037 58.531723 -21.513846 39.783281 39.239992 20.784908 47.727368 -11.587962
20 44.548932 -68.762607 11.811888 11.536343 -4.724358 25.081378 1.876719 7.907044 56.936721 -18.030021 25.700522 -32.203243 45.485195 -1.629583 -14.774981 -50.620324 -60.917112 -30.175646 -12.306345 102.643069 -8.791505 -7.569543 -56.369177 15.768054 17.578582
25 -13.520813 8.038621 24.478464 39.417470 11.829286 30.172701 -37.493926 -19.253181 21.903502 9.765846 25.622526 -23.783652 -4.826436 -32.340755 23.384962 -29.958259 -37.262741 -9.074936 41.851763 -45.170268 -7.166174 -24.779929 1.933325 2.642043 43.590556
3 14.641096 36.072689 110.673232 54.640690 36.791680 10.203498 1.787265 -4.447775 48.285973 -16.560904 -27.054289 -7.415987 -14.149091 -51.956856 -2.526089 -46.859323 -114.601629 -16.071546 2.000166 -11.418982 -26.168846 65.224499 -44.088711 -1.069591 4.068828
8 -5.760889 29.068323 -0.979136 -24.729923 30.053644 24.265397 -28.982316 46.659939 23.526339 -35.650320 -33.175913 -14.507216 2.740017 -35.972778 23.708308 -38.227352 -23.797060 -54.148726 27.098506 14.770929 12.502890 38.601474 13.222998 -5.765704 15.478566
10 -7.931831 -34.744178 -22.480250 50.543567 -25.082316 -17.952039 8.772683 -22.197622 1.831079 70.606761 13.459782 17.081730 -20.649286 15.870029 23.115446 -12.624943 -0.897816 -79.865383 26.803693 -57.342146 43.164794 52.928656 -38.320837 -18.370189 34.280612
9 -50.212673 -87.129795 -55.749584 -11.373892 -30.587639 -9.397511 79.847245 8.518023 87.512961 59.316682 17.229627 19.439575 16.918757 32.992338 61.997856 -2.585447 8.759796 -37.160907 10.560085 -3.499440 39.660975 -60.417854 -25.231181 -75.100851 5.692855
13 5.853891 -48.717924 30.214194 19.173787 23.667055 51.443096 -1.389033 -50.419928 -0.731146 21.821726 58.134818 12.299058 72.238410 54.230776 26.373488 -53.608547 -52.155955 -66.087744 53.767064 -66.246566 46.554581 -65.135856 -50.945773 -13.989007 -6.344468
17 -3.019635 -23.326659 -73.371086 78.405115 -36.432756 5.295148 23.052382 8.095483 8.492938 1.453956 22.553694 24.174047 5.195398 14.191030 -41.801806 -9.417327 113.790068 22.426367 30.821546 24.192540 -3.288266 -131.933534 -4.358177 -55.019810 -0.170660
7 25.067330 -83.114448 6.300711 16.677440 18.455730 10.157235 31.485621 22.730084 28.731353 31.252019 12.581897 -33.333249 -16.482471 -13.283616 -21.166644 -53.207982 -0.907242 -15.051473 29.985902 29.617959 25.590578 -41.030969 24.169892 -46.909505 11.683847
21 2.015482 -8.576307 -63.435326 -54.805653 -46.226824 47.986172 4.611451 -84.037412 12.143825 43.218168 -15.909479 47.171143 1.305774 38.962283 29.272562 33.812627 16.579658 19.201308 -6.071190 -40.093353 77.058920 -32.876081 -8.451915 -9.230732 -3.625103
17 37.650860 -63.147129 -215.992098 41.936902 -45.245574 26.095541 81.625934 -26.717958 18.677435 48.592165 -20.282597 72.258142 41.968899 108.348304 38.870902 43.529396 215.309312 -40.538159 14.620307 -3.739233 17.031026 -183.605819 -71.379460 -114.817484 -21.049614
21 7.154930 -19.818880 7.907612 -21.527586 22.505078 10.140015 27.629071 -2.689325 15.512292 -15.546389 -22.961372 12.317668 7.325243 -40.029907 23.271485 5.240030 -19.370686 4.692029 26.448895 -13.447870 28.977549 -15.740077 20.766284 -54.690064 5.933973
17 30.952831 -39.853950 -60.617544 -12.722578 -18.831669 28.027344 30.142879 18.765406 19.124964 -10.634831 -20.876680 1.315599 5.045966 48.082189 14.211108 23.720939 89.840843 -0.925820 12.439506 7.981090 11.640571 -112.893082 25.242019 -44.124492 -45.052609
6 -5.587847 -7.153399 14.182468 41.679217 10.475699 47.596384 12.254256 -16.073044 39.872226 0.652084 32.234981 -1.712993 -51.873151 -13.828753 -13.570453 -36.531237 5.874246 17.303793 15.619596 -6.148432 13.390822 -86.919489 20.444540 -33.782191 1.600676
1 50.533440 -34.405236 3.274275 -8.813707 -17.643269 27.151615 46.789819 29.275088 19.064909 18.181044 44.045882 -19.915833 -38.735329 -0.267335 -24.179642 -68.512820 -10.046225 -15.608291 45.871277 -47.642333 33.781346 -25.454762 15.641768 -6.871099 -15.514582
20 9.883160 -2.411302 -8.448041 -4.158175 33.720788 39.916267 18.888570 -34.443521 -4.893463 -17.393335 -26.040899 3.035116 47.606934 -25.587361 -24.403427 17.506684 -15.262670 -7.191579 -12.997212 48.704558 -0.551457 4.423586 -19.485661 -30.218664 9.801102
9 42.821007 -59.980313 63.845597 66.780453 17.901188 -13.959057 -0.385059 -50.589789 85.088464 -1.127145 10.272688 -10.728780 12.513318 4.184670 -20.701772 -71.748949 -78.510193 -14.341945 -2.222571 71.055664 19.029041 -20.008588 -25.377055 -4.185492 -19.625380
4 13.745430 -5.850556 40.436540 91.467914 -37.506373 6.973802 -11.108445 -0.883661 0.717132 41.481533 77.604209 -31.307250 11.245387 -24.542177 -17.211919 -100.221115 -20.068947 -66.534441 31.780357 9.052613 -12.788638 -46.801628 -33.758481 65.744648 18.334063
17 -56.276957 -19.554235 -54.222356 -17.528487 -51.686153 24.052678 52.213324 -22.601852 -53.873150 54.019309 10.480908 24.196278 -73.765909 38.656887 34.841678 60.090610 73.516908 -10.595527 56.756800 -47.291701 14.847700 37.834708 -20.337002 -43.666686 -10.107775
11 -0.439683 -15.763761 6.120955 34.273608 -3.717448 3.366429 10.025093 24.346481 42.573884 -19.918594 45.108067 -7.719893 26.237856 -10.611707 -46.385275 -46.547030 -33.262237 -8.661011 33.041939 2.466658 29.375709 -49.071299 -15.266789 -9.379879 9.807923
17 12.820345 -19.188982 -31.326323 27.592747 13.821779 8.993027 5.878001 -37.113816 -39.459353 -4.736199 -19.602812 -6.568423 -10.290778 6.869451 -3.276631 49.979981 61.210126 -19.666379 32.895707 9.739767 23.873973 -26.604206 -23.326623 -17.975062 5.460681
5 37.774279 -4.758759 -34.995094 -14.605883 66.443848 -41.898678 2.966243 48.760177 -0.450744 -12.573643 -38.319137 -2.409170 -17.094949 -5.191211 -3.719904 -39.314758 7.083988 -31.722103 22.968533 20.426226 3.661047 1.556919 43.779030 -15.022092 6.655830
5 -14.936769 44.033941 -11.463227 -10.316428 69.749155 27.579005 4.342529 -21.427633 -9.808884 26.558306 -15.124024 27.173162 -4.358807 -30.070113 -0.494243 -14.008597 -22.646526 -62.811236 29.248626 -0.954843 -26.796986 32.024362 17.061377 -31.889399 -0.662749
9 -12.233159 -18.541217 -26.420926 62.970452 67.455048 36.197435 5.676570 -72.032542 67.923820 21.433818 6.148496 -16.312317 14.554036 6.189158 22.616892 -65.903762 -22.987664 -73.440755 35.395166 -12.500816 32.209323 -24.226547 -58.819997 -24.501218 49.150707
17 25.762671 -57.818127 -21.181050 0.889833 -2.517226 32.987795 8.860246 -28.555774 31.558317 11.361226 -14.552830 12.710537 -14.908571 -7.751571 22.691648 -0.117190 57.421107 -52.637675 -10.848220 -12.657432 38.410727 -41.660724 -30.050174 26.734174 25.868286
4 13.064875 23.631219 -49.937702 46.271342 21.356611 21.374699 -13.626555 -48.820673 4.476102 24.356035 12.089272 5.587937 -18.747264 13.325686 6.964895 -14.565335 19.431083 23.731255 16.081307 -18.009193 -9.689943 -49.248896 -1.290035 -62.155523 34.348801
2 -4.364371 61.668315 47.953623 40.401712 54.497966 16.131081 28.254834 -49.924460 -39.605587 -6.746986 9.312611 -36.420067 5.061519 -33.057620 -12.262501 -89.664978 -100.535691 -14.714010 33.396615 19.682947 23.106271 13.756538 22.376481 -25.651155 37.346907
24 9.563653 -2.610238 37.695454 18.621867 38.852717 22.342100 -9.336924 -30.121922 -17.133840 -15.691377 14.265394 -14.568466 0.450093 -43.798086 11.433032 -29.417172 29.388264 -58.861610 33.825608 -37.350915 26.123062 -73.806943 -29.179372 83.253451 36.062165
11 -17.021306 -35.469480 50.437940 23.992884 7.243398 42.021121 -21.330569 -36.872593 37.552161 10.555199 63.837190 -13.758524 28.798675 34.379050 36.086368 -52.289901 -25.148921 -68.478798 15.251429 -3.681056 21.009160 -115.368293 45.740778 -36.649043 9.163128
5 24.262793 -2.750374 -58.154465 22.554509 45.208377 3.268271 3.423071 34.432933 17.638015 32.525802 -2.476334 10.617014 34.420580 25.199479 29.836021 -46.003135 16.439672 -88.924450 20.486064 -74.598167 24.577522 -51.807544 -6.818421 -32.677644 19.320407
9 14.222316 -28.786641 45.426996 -30.468650 20.866672 18.973602 41.495261 -68.496129 53.293824 -12.940695 23.694397 -41.210154 -48.642254 -23.261826 -3.826092 -50.301502 10.361121 48.289373 23.332305 12.413457 21.677206 -36.649242 5.992907 -3.840119 8.383866
5 25.657124 -18.528843 37.416306 28.086781 59.307830 14.467155 -43.299470 35.793663 22.664498 -34.755046 9.712068 -37.952671 -2.628718 -18.763511 10.344603 -72.596434 -23.263336 14.529003 42.859968 9.103257 11.598583 -70.694358 3.140661 -9.483935 7.284820
4 19.458635 2.742398 -19.020700 63.423227 17.371535 31.999818 -14.564810 -44.499805 -15.052358 -30.016905 34.173423 -10.655855 -14.763342 -3.568992 0.030502 -49.292345 -26.703468 -7.275865 51.419627 -10.474698 42.293125 -17.882596 17.850906 -27.010048 10.018590
3 16.702523 -0.163001 59.570623 38.639516 55.120895 24.558400 24.937561 10.589208 8.988535 3.244955 36.971843 -14.206550 -66.318598 -35.269211 2.922270 -99.351453 -33.523871 18.498334 -2.845550 46.302614 -1.659185 -79.103249 5.197502 -11.341654 -8.462460
9 -39.793162 5.843304 -52.207347 37.618875 19.144415 -8.223017 14.501159 3.678670 77.912822 5.443394 -1.563155 -18.086912 -7.795919 10.260285 -5.735646 -35.545329 -7.604781 -81.544576 9.271573 51.626656 -16.614615 61.898221 -17.191226 -27.271538 21.977848
15 9.770259 4.495244 -38.630722 0.159199 -35.826123 24.816374 -13.321282 12.833608 -3.167356 -4.785033 -33.846268 7.303580 -2.132843 80.720031 89.236055 7.035471 -36.716601 -13.549553 27.353624 -40.047599 -17.095643 4.832343 -36.517293 -27.917670 34.998196
17 -23.266048 -16.929907 -88.358989 -41.886205 0.848639 35.916593 62.760995 42.473244 56.686489 -6.018889 -14.120902 1.130402 -20.772880 54.833625 5.900412 -6.438318 68.051041 -17.080377 11.253532 21.399853 41.642219 -73.025361 19.013393 -102.661115 -11.351445
7 7.063940 -32.369309 -34.606465 30.576784 30.546265 26.873456 100.992592 -20.385468 -6.607674 25.231037 14.855030 33.000359 -17.642751 13.323621 -18.082884 18.498554 21.794650 -50.724312 -13.855577 -1.569236 -4.689479 -35.604909 -8.364073 -68.739769 -9.514380
17 25.693523 -19.338108 -53.807089 13.732461 -4.033373 35.978002 14.064877 -32.877732 29.944186 1.186941 -11.598609 21.429025 7.015896 46.464901 -0.160699 -2.637540 52.258949 -24.283724 1.580478 -0.246912 -12.570394 -36.303619 -18.597273 -23.698748 -9.195416
17 -7.679419 -14.070351 -31.531143 26.794553 -28.308628 -43.297606 19.131480 19.322979 -1.630855 25.904085 31.944596 19.863391 31.730804 -0.607618 -29.819729 -3.059700 47.054203 -24.958196 3.490001 31.208786 3.330190 -45.918622 -4.352367 -61.063426 36.522592
9 25.656574 4.723784 -60.306203 -4.491694 17.717812 -29.362912 28.915534 -36.285463 48.723590 -18.392972 -3.181967 -24.377206 2.041629 -5.120493 -1.969373 10.338959 30.306773 15.293459 0.815668 46.889220 28.596736 -22.890337 -16.395479 -35.855081 -1.390558
17 23.522643 10.601818 -94.717447 59.216196 13.515469 -7.439528 51.257822 -2.794714 27.090957 20.310416 -12.591728 26.537151 12.509301 38.853132 8.427276 28.970983 63.525504 -22.793912 -9.263777 28.402809 -19.043992 -72.576700 -46.330969 -76.990068 -48.198645
19 -29.052457 -40.697803 -59.051805 23.736260 0.946193 5.937093 23.991256 -38.674134 -19.035698 15.342319 19.642870 12.101915 -9.065286 35.730157 22.295431 -47.367251 33.054999 -72.401793 61.183396 35.339330 10.280445 11.496231 13.174401 -27.468791 18.562721
21 33.791232 -5.008390 -105.682049 -40.382178 -1.499727 -3.647313 -13.463288 10.344896 31.522757 -16.145493 -4.740396 -3.955222 -39.427994 9.525631 -1.866962 29.732580 20.455215 4.659546 28.380820 33.761719 46.735712 -38.466001 34.249658 -50.318387 41.443635
4 38.560871 -19.495982 -133.391842 74.673587 51.885288 -17.319500 29.834879 -66.227224 21.411475 14.393120 -3.520784 -12.503535 -21.977373 12.531671 -26.929407 5.651437 28.223992 -8.781077 48.635416 43.399102 10.641881 -23.711993 -11.503299 -48.052756 13.572051
8 12.122355 3.159227 35.724965 -2.706595 -54.146152 19.497722 -17.456538 81.957807 -2.072183 22.049061 43.178249 18.266820 -11.877394 -13.759026 26.200496 -58.201760 1.311344 -28.024528 -22.004160 -31.411757 11.886314 -30.681303 42.655332 -60.047958 14.379661
8 12.796903 18.612523 22.562628 -33.514437 25.392658 9.699150 35.455037 73.076540 1.480903 -9.690263 -34.072514 7.674823 22.024714 8.104722 -1.268091 -47.078756 -13.711714 -5.225760 -17.919945 35.732452 -56.848092 -9.041106 -13.160654 -33.013855 1.932133
8 13.555650 79.668412 44.164479 1.385623 -19.326043 -57.668393 3.283209 182.341848 -51.317507 -5.265213 -21.164864 -9.729914 29.734957 -48.740699 -59.714707 -10.758876 -81.715384 -16.814747 -7.015444 1.496270 6.380409 77.263840 4.929397 -57.283735 2.311425
8 24.137380 34.036744 -20.990155 -18.482172 -26.991191 28.276329 23.472719 67.856976 11.847286 44.790539 -21.805675 19.689363 -37.569142 26.523496 16.845498 -10.734943 -73.304668 -8.467276 -0.067262 -30.666643 -25.076871 -30.508788 40.010329 -45.335778 12.513902
7 8.930743 11.998322 12.431575 -11.798059 -20.550525 21.087869 74.987028 11.175493 -9.990894 -8.036996 -38.508541 -28.445711 -21.274306 2.339216 47.365625 60.342379 -7.965551 -6.760678 -28.085932 -68.597826 17.733895 -90.766678 31.418823 50.143352 -9.172629
1 139.238775 -12.771008 17.827338 -53.677477 -51.825319 -26.664563 7.183702 49.497985 51.548838 -66.508889 -21.897520 24.428155 23.011600 -91.059105 -29.176817 -46.712141 52.813802 -18.246197 24.712887 44.481291 -22.843043 -26.584795 -1.208684 19.715166 14.716018
8 -17.227132 20.650909 33.734694 -40.293095 23.799496 -30.774911 21.745275 102.278966 14.198884 26.075727 21.552873 -15.413853 14.904829 12.994184 22.377949 -54.863978 -62.971943 -28.970905 -20.954129 46.934552 -19.119032 -51.453059 14.002146 -25.222300 -7.986152
8 16.556728 -12.439204 43.118914 48.065112 -73.431770 -52.713776 -1.843787 62.564645 15.530874 43.302147 17.893873 -0.606378 -45.461990 5.144597 16.798099 -40.061463 -23.330375 -3.349683 31.858555 -21.759570 -17.814536 -16.247008 -47.615676 -2.342936 58.184607
8 -6.884609 -7.383146 -31.421493 -3.987855 -0.345752 33.995767 -3.235327 125.892893 21.616173 -2.638379 12.730340 -30.341873 11.358933 -7.404713 10.980028 -33.205044 20.426181 19.523238 -33.636629 51.895294 -0.402431 -89.905267 -4.537399 -25.731278 -27.357651
8 19.888238 17.242262 -38.432992 -28.506762 -19.882636 13.843563 -7.907506 124.819838 18.362998 -21.779193 -7.487890 -10.139056 13.576522 -12.279693 13.020796 -3.736700 -2.359138 -7.069592 -15.864501 38.654987 -16.760464 -43.373177 6.992842 -22.660906 -8.161841
4 2.710890 -51.940653 -69.444077 79.254835 -45.494147 -62.067723 22.863645 36.779110 -33.397842 -6.206607 57.264168 28.469646 -21.739684 34.586617 41.426397 -12.653025 70.542855 -15.684045 34.748092 0.704762 -5.615147 -57.354877 -42.243751 -49.444967 63.935525
10 -2.265947 -110.948269 -25.468266 55.040000 30.068485 15.046131 23.566438 -114.860861 56.818895 82.584062 11.234966 67.326068 68.950311 51.577950 -15.712741 30.464112 13.367850 -110.538793 -2.922362 15.066949 63.105459 -67.160571 -90.239937 -86.053121 41.953195
1 71.189158 9.212650 13.243002 49.932245 34.336423 45.199514 -8.792978 -18.675498 -61.410581 -5.855152 7.286367 -10.121240 22.294053 7.261325 -25.634518 -14.754950 -13.760087 -57.732126 23.629115 -46.145808 -2.082966 4.775431 -23.666448 -34.537749 34.810817
9 -10.302105 0.412819 -23.045102 -32.727476 10.316832 41.063108 -46.674448 -18.585728 48.024586 -3.013061 11.115733 11.009851 9.265303 12.288320 -4.264174 -5.635061 12.578074 -5.963637 -5.381995 -9.612744 39.648362 -22.984549 9.194088 -38.924052 22.197052
4 27.885253 -37.304144 -55.386541 89.060841 43.224629 23.148044 12.557831 -25.236958 86.129618 26.269772 -0.086055 -17.915963 -20.855062 28.367320 -5.437136 -94.855680 42.124955 -111.279024 68.436410 -30.694698 3.155679 -59.709887 4.497191 -45.382384 49.285988
11 30.467644 -20.561633 27.793138 71.573082 -24.513774 27.487239 -2.109329 71.920426 67.403567 17.203642 73.848262 -16.709445 7.034415 -13.841500 -0.498049 -119.210713 -77.471730 -88.875198 32.914225 -38.835398 30.990236 -53.363806 -18.076098 -0.180330 15.611126
9 5.260651 0.368414 32.157944 3.122799 13.310190 59.215753 14.999656 12.381706 88.601164 -8.833488 -30.586941 -36.080877 -27.946640 -25.801599 30.361410 -41.008888 9.816811 -54.544697 39.426532 -30.140466 -27.313936 -15.500258 -29.381969 8.798924 9.317803
6 -9.873797 -18.726601 -17.514553 -14.943575 -27.918359 79.828144 -38.523520 23.663328 9.990557 24.483895 20.873575 44.112058 -52.713340 -5.043181 0.772735 -21.384697 3.645345 -42.973564 28.892310 -1.280111 54.941719 -74.600927 6.021188 26.215494 2.055876
3 18.567522 28.111592 47.523153 -3.440764 -15.569973 -18.104514 8.140013 2.717617 8.030797 17.112825 -7.912564 -11.895917 7.572803 -8.384139 27.600607 -35.689998 -23.712824 -24.302094 -22.089618 15.285052 -15.994837 1.054325 -3.141822 -3.480671 12.003424
4 14.916020 -8.903009 -3.692368 93.459583 -9.242435 41.886675 20.467024 4.413461 27.218085 46.430516 35.484026 10.893056 7.181957 2.117701 4.852386 -105.355809 -33.195032 -80.796248 6.141593 43.903966 26.260305 -75.504885 -36.275313 -69.792280 37.131026
4 14.990039 0.103293 15.498013 76.541006 -37.016411 22.079134 14.581370 34.168147 -28.767040 29.985287 52.894722 -9.842189 -24.383374 -11.001655 -8.678318 -76.723929 -70.596703 -21.750542 26.248299 -21.769348 40.494483 -44.130410 -6.017022 -28.644857 61.738006
3 53.131175 -40.574587 58.188147 43.007242 -12.549221 21.154805 3.198690 39.968902 -14.839271 22.272118 5.916018 -12.524449 2.639877 -16.257710 -11.856159 -75.920888 -21.024616 -32.728636 30.588005 -14.766616 34.191309 -60.310815 12.235123 -22.164116 9.025675
10 -27.613127 -16.617244 -97.350230 -8.646486 -52.590084 13.015686 40.934462 14.500562 2.410273 56.889097 39.359300 54.338763 4.509053 39.719095 32.613018 0.382665 48.289026 -97.689523 -17.441906 -9.849079 46.807616 -20.067739 -19.960389 -79.061708 53.118898
19 52.616090 -41.155903 28.377706 47.006743 -23.333982 39.380332 -18.287039 -17.351467 6.292378 30.424244 39.630065 -16.699737 -14.945938 39.419691 5.632706 -49.387449 -21.542960 -67.940998 53.918492 16.992280 20.193817 -23.216583 -51.173244 -32.807595 -2.041651
3 27.084454 7.132162 35.029733 10.199517 -13.889111 -14.974183 -5.966726 -25.014261 24.219823 19.999388 -3.694436 11.363208 -34.758739 -2.111942 16.645698 13.555873 -14.977081 -37.436845 8.800702 -35.904522 -6.952278 3.955268 2.170940 9.732979 5.790378
17 -18.303122 -27.733532 -88.393516 47.696306 20.444282 -28.256122 42.710138 17.655854 -11.445076 54.687869 17.530638 43.268835 1.230589 49.303092 22.551611 -12.571479 55.164246 -99.959928 42.378675 -22.988938 5.566183 -20.908576 -52.003966 -76.929355 39.305287
4 -11.709823 -14.380945 -27.384517 49.904504 21.043974 5.759872 20.165364 -34.789091 12.195479 -12.834941 3.012475 15.485757 -26.460023 39.275475 23.738702 -29.787803 27.356032 21.229225 10.726952 29.122297 33.214791 -67.226672 3.780428 -55.127844 -36.309672
7 -48.282013 -17.274642 -141.052986 -19.642776 -4.362941 16.231821 80.587189 6.416440 -23.972102 17.633423 5.709970 44.723998 3.736852 48.069938 12.319513 35.679616 61.783815 -31.853973 14.355353 39.160893 -2.326000 -52.604727 50.956958 -109.830418 13.836800
25 -2.346480 -62.713082 -9.483379 47.542145 25.931175 -5.124406 53.134112 -99.708388 5.119259 54.069736 42.779537 -49.026001 -10.126971 -41.027223 -36.024262 -46.704257 -38.989467 -41.796927 18.080689 -17.133527 62.095867 25.547227 41.672943 16.997323 67.234356
9 -4.200302 19.511906 11.651976 15.992854 46.610370 45.278238 -1.232587 -1.987465 60.163840 20.832538 54.071505 -11.900086 -52.423516 -47.509792 -8.944786 -54.066344 25.781738 -39.663903 20.694719 -28.243923 -8.439658 -93.617767 12.376200 -25.580223 44.844468
10 44.621970 -0.941305 -87.203864 -22.812321 29.460582 -18.958621 -8.771044 38.163003 -10.514208 54.888426 13.744705 8.985991 40.872032 -25.291387 0.827966 -67.039056 -29.548998 12.753498 23.185206 10.828292 3.251144 -46.622349 27.078180 -37.780946 46.823103
10 -27.246137 -35.285113 31.746093 18.573265 48.077317 43.097064 -7.962404 12.574608 -61.809523 101.022921 34.187761 -23.163254 -0.535398 -5.058404 1.048414 -85.537730 -0.153349 -37.654360 50.306230 -86.942057 87.414986 -34.557132 4.655115 -105.094090 78.295173
25 -36.253967 -8.979505 -2.558903 -43.143039 13.729657 -8.156396 -37.755617 -34.340047 -4.587116 -8.548318 -35.580658 40.226919 44.842455 -57.911763 24.174487 48.427475 7.539504 28.691294 20.085393 -24.168305 53.119730 -49.911096 33.127301 -48.697693 86.628208
5 12.542253 -47.232431 45.068268 48.664363 58.929013 24.617782 33.875386 -35.037033 57.204314 -6.197604 0.258672 -12.962119 -21.676748 4.423175 -1.628670 -16.809208 -31.556496 -35.046507 -36.826892 -18.489944 -1.749359 -40.627990 -2.561274 5.732472 17.086577
21 32.572796 -15.464347 -60.498226 -70.771264 -9.170434 34.599725 -28.432715 49.958859 -10.051260 9.392166 11.479604 8.931034 36.940561 -29.053685 -17.046207 -33.171223 -67.300428 32.989162 19.958623 17.959128 76.839018 -54.248684 30.661044 -27.620625 60.547377
1 77.723820 -46.779008 74.007404 18.273904 -18.180728 -4.084039 17.938015 -0.010130 -3.969846 68.584861 -6.629528 -29.327435 -5.280508 -12.443162 -10.204436 -35.841139 -53.141062 -19.620975 69.919856 -21.389154 27.871289 -72.265709 63.204484 -43.056134 -35.300640
8 21.686577 10.961375 -79.144703 -60.214327 1.504029 -5.535346 8.264514 122.602809 -19.822703 23.744287 23.111915 -32.078005 31.181468 -29.868084 57.022604 -28.202638 61.444826 10.827438 -1.718244 -20.205756 66.712753 -104.657855 23.382619 -50.419350 -30.580206
4 -28.128667 -92.046087 -33.689605 70.400928 -45.157828 -54.911286 51.307918 -43.257083 29.898523 54.498723 69.555966 23.452594 0.317575 18.146954 -11.181148 -17.055605 32.806916 -48.577809 24.110029 -19.944715 34.386537 -75.299725 33.479615 13.669895 13.217386
21 -36.103933 -39.784850 33.084098 -6.891426 -7.868051 28.336106 26.238789 -36.536976 14.458256 -20.639533 43.249088 -0.946731 28.352907 15.117345 49.846645 -37.037359 -22.557047 -37.607894 50.853746 4.775795 64.642376 -81.480908 10.923877 -45.066471 2.642150
3 -41.042197 14.215109 92.667338 1.791453 74.022390 34.037269 5.014270 -35.493347 67.632633 -16.799431 -17.152420 12.839298 -10.932389 -89.855050 6.560845 -67.352544 -52.084190 18.337071 5.192962 -72.784808 75.183228 -94.408297 89.881293 -6.965717 7.495231
7 18.386892 38.403196 -5.170103 -18.421915 -13.327425 14.929997 65.872518 37.594497 13.130434 13.167310 15.607054 32.607512 21.125589 -35.204384 -27.416319 -8.194118 0.607237 -37.061372 -41.394454 15.513540 1.356582 -17.833261 -20.853621 -93.523788 30.098400
17 -3.185479 -40.891071 -81.484647 49.384281 -7.297897 2.268712 9.094680 7.612813 -17.434201 30.085010 -2.282905 32.299676 39.515891 59.911563 52.711869 -13.882500 71.627297 -53.223803 30.832141 41.803237 -23.365710 -17.703607 6.379650 -143.112550 -29.662449
8 9.064481 50.752736 -3.338268 -46.335273 8.274046 3.979324 15.853808 70.317030 -2.474461 20.629246 -18.003529 -9.166451 -22.982206 11.499300 15.196620 -1.329044 48.313163 -23.974925 -9.316242 29.739396 -58.473744 22.027631 -74.305231 -39.868741 3.921331
14 5.740964 -21.830833 -85.668098 11.768703 -26.958588 11.229396 28.211426 -0.039435 0.854030 28.800482 35.594824 22.550326 -38.525080 51.690977 -1.760627 4.297308 12.335467 -15.125826 32.129094 -13.511622 48.216199 -52.811952 -2.053984 -25.773368 -9.359782
1 60.044330 -27.135411 25.314241 0.900847 11.203679 11.626111 38.330599 19.176442 38.324946 20.627705 16.784106 -2.601633 -25.039542 -7.462214 26.569331 -67.252917 -78.224658 5.297470 5.387018 7.935218 -3.910430 -16.913533 -13.688885 -44.206062 -1.086758
3 10.248956 10.731012 72.474558 -72.098831 26.545138 8.787281 -3.809050 -29.714867 -31.350080 19.569797 -21.350072 30.142336 -28.256205 16.155204 -5.916491 13.722682 -5.664166 -52.901340 11.106561 33.555349 -2.426568 25.777194 -4.107362 -20.527771 -0.693266
19 1.074797 -60.681231 -119.698086 34.923103 -3.547902 -36.629021 -6.850308 44.186983 -28.080946 21.526374 9.096929 39.673645 6.981875 30.625858 4.367547 -2.109132 41.186033 -17.475514 44.789482 31.706756 -4.427484 4.522692 8.537943 -81.686853 37.986457
10 -51.572524 83.776514 -129.288040 -3.362728 34.045073 -53.166079 -10.806021 -1.342828 -30.682376 86.705633 -28.519480 35.098917 10.697211 26.604978 19.061452 72.541765 82.030569 -108.854806 6.453345 3.605354 1.763893 23.382985 -65.785199 -18.046266 15.658659
1 37.318313 5.664368 29.372166 -30.072075 31.390825 10.841795 2.335277 9.451378 -16.021224 -7.142472 3.743951 -8.232014 -4.219574 -40.720936 29.934178 10.605347 -97.434679 18.038098 9.821176 4.279056 -7.752123 20.451330 21.174911 -38.981665 6.154591
9 -36.101675 -10.773192 12.235806 11.802004 -12.033627 46.547568 -6.825317 20.426978 91.370268 43.671061 47.717960 15.252453 4.830773 -35.820340 36.830870 -63.614740 -28.746879 -115.281773 32.800564 -5.112332 -4.065067 -41.506761 -12.885735 15.267098 -5.985963
9 38.507636 9.635272 -6.481918 -12.854712 18.910727 -14.288246 -25.753136 12.766877 56.291162 -50.768073 17.083905 -36.649302 24.482426 -13.840920 -11.859769 -20.667570 -22.032210 29.900189 -15.389443 19.617837 39.090431 -9.394114 -23.720053 18.030388 -20.617386
21 -4.147602 35.583037 26.814773 30.112262 3.392614 -17.192743 40.836391 53.725146 6.609199 9.169749 19.354193 -15.261932 -28.807122 11.694488 1.264023 -91.889299 -89.384516 -49.552532 19.522228 22.394877 76.558452 -53.582263 -43.999978 6.639145 30.147405
25 -7.595667 -10.270251 38.204629 17.171199 23.546896 8.255265 -20.323056 -50.459162 7.369666 3.811523 23.648054 -12.553474 -33.857645 -47.711965 -47.707810 -18.340664 -73.444720 -8.204910 13.282141 4.862985 20.442081 23.044485 35.672846 50.920534 60.237020
8 0.383603 -58.623586 -43.077174 12.461789 -45.748062 -52.281382 28.927790 125.732806 29.883620 -29.915940 24.645856 -10.185885 60.523930 7.423352 -23.545766 -19.643029 1.551598 -6.819345 0.157801 48.864280 -0.968914 -90.279846 18.361823 -5.912910 28.083588
13 18.693714 -1.197792 -57.479399 -31.671611 7.423659 -25.527535 -17.774668 19.423309 -63.571664 -29.035030 -14.228265 26.748501 68.689556 -21.899776 8.782014 28.546530 45.029023 46.811421 -5.802522 44.756856 -8.664467 -19.382937 33.011857 -59.405331 7.724554
5 2.791173 24.808938 0.034223 53.245897 55.926521 11.680082 30.016794 8.908335 -11.104157 41.752439 -11.898319 -28.772745 49.787285 -5.376652 6.327958 -64.012914 -50.784552 -59.245942 24.774149 37.911646 -12.204747 -1.757273 10.437896 -94.645813 -18.600225
1 55.181229 -3.209517 -57.608621 -19.198163 -30.786000 -12.237047 23.856265 -3.708511 -53.276835 37.205941 -16.310239 40.682345 7.738290 16.125154 31.070088 39.580342 24.018839 -49.740034 -5.867803 -63.060897 1.019491 -9.301233 -0.587885 31.118292 17.296507
24 -2.281258 27.014832 -33.910156 -6.175384 -21.705919 -5.517110 -2.282871 -7.588490 -18.767627 -19.526185 19.715787 -14.085408 -19.035068 -20.890179 -18.097588 -23.704273 7.954593 -4.555851 34.837599 48.136202 -21.235194 26.764221 16.187400 55.962683 2.785241
20 35.336924 18.846585 -15.342946 -48.134162 16.600674 4.806470 -16.934731 -12.092905 -83.778795 17.435227 -4.911149 -3.363285 1.391477 -3.369423 3.351849 -12.742933 30.984236 -17.520147 51.082458 52.386857 19.408549 -23.116190 -30.231452 -0.293332 20.200141
3 47.274332 -24.951840 93.904108 65.852703 14.347126 12.808411 47.931236 25.464635 1.063762 -32.243147 -65.996340 -5.060578 27.679318 -19.342519 0.435224 -42.518262 -6.949618 -41.837398 14.765332 -53.345018 -35.531993 -25.584547 -56.114173 -5.502340 63.451583
8 41.963723 -4.858938 4.972057 -30.431048 8.197514 -6.969833 34.049705 76.694543 -31.267052 52.393344 -34.091391 54.932214 -10.468568 4.068102 12.278134 -31.452115 -16.316177 -49.567711 31.060546 -14.162191 -30.346685 22.677341 -29.590669 -54.664245 0.899397
17 36.271610 23.013782 -104.643299 -36.243056 4.379942 21.909174 51.383704 -63.442146 46.791146 2.080333 12.002154 24.420393 -10.889748 24.207955 36.773368 29.343282 76.029464 -9.447064 -43.583518 52.423360 -6.125492 -65.898961 -46.816951 -42.470060 -11.469369
12 17.808954 6.800610 -12.083050 17.313140 32.982263 -35.680697 25.307212 -3.438873 0.434862 21.437478 -72.026350 47.973230 -10.629917 29.339563 10.490471 42.361838 -16.506323 -15.768857 -4.627215 -21.641404 -30.773311 7.792929 -18.240920 -18.713519 0.087886
8 -9.045058 -42.141759 6.942006 -10.283047 -13.308445 42.757792 26.891032 60.724179 59.489566 0.111982 -27.140217 31.330598 30.057330 -40.593978 26.065973 -35.439336 30.009729 -41.590044 6.849669 -44.415687 50.380379 -16.867323 -28.000183 -32.210489 -30.574670
19 -3.887725 5.962441 -61.858068 -27.914191 9.296636 -41.465390 -4.047205 -24.327369 -16.672108 0.976441 -42.422751 32.177418 -40.955026 17.143796 36.296619 34.932709 16.099024 -38.947056 43.394832 18.172259 38.908396 43.365758 36.021902 -36.033787 5.782443
2 -26.144943 83.084923 -107.285160 -14.128905 6.839254 -2.660987 18.415366 58.314236 -3.282924 58.108748 -18.555020 34.340411 -34.237106 15.751305 54.472992 25.556218 56.858901 -89.953890 -10.365004 -23.300743 36.428454 6.661064 -58.036041 -45.488335 -21.392816
9 25.675574 -28.929675 -96.029797 6.365555 -43.674471 17.963487 62.076051 -30.575113 79.774377 14.313024 23.170167 -12.383252 -11.280671 40.602537 -38.701158 10.004546 39.631228 -18.278676 18.788639 -26.315848 49.710193 -76.617243 10.329325 -35.194942 19.576143
14 -27.976844 -9.337449 -62.111613 62.212669 22.734859 -4.570776 42.987725 9.355948 -36.085113 27.719603 -18.846363 54.017530 -10.203753 91.037427 43.144290 4.706899 30.185805 -120.974650 5.390334 18.055394 18.707965 -20.809741 -24.279234 -100.445108 5.384196
17 14.949388 -27.633829 -139.622877 -3.885948 -52.903506 14.855474 37.599473 41.456950 7.841609 57.411112 31.947843 44.266249 2.472486 83.964754 35.487966 25.610548 97.625778 -34.114051 1.471491 -3.405871 7.504985 -97.970524 -26.241916 -101.710212 -16.977375
17 21.666027 -30.836044 -68.938473 -11.487281 -53.366205 -11.541790 3.717124 11.870312 15.653621 47.748255 48.334972 50.496246 -22.455164 49.628557 53.925142 6.812906 79.359544 -98.732994 -62.937572 -9.942839 11.877813 -22.083567 -19.130444 -33.206215 43.568071
23 52.550966 21.692352 -53.551068 -44.859354 32.307507 -11.587843 -47.137039 -14.176040 0.992472 55.301726 42.131298 56.187554 4.408027 -38.321732 58.816561 1.934603 -54.934663 -94.773217 5.153264 -33.328138 -4.123100 13.292236 59.649684 1.910370 -9.536431
21 -27.002171 -6.998912 -3.994783 24.552064 31.534296 21.904426 20.157440 -57.001347 19.375964 25.326566 -30.240339 -3.044086 -6.437006 -29.496974 2.556653 3.234612 -15.462660 -34.612499 30.454205 -4.501309 33.491705 2.042160 -26.182620 3.073894 27.270721
14 34.878879 4.645080 -19.303249 -10.581012 30.607819 14.500227 -57.974739 35.789166 35.248484 -27.105415 -29.806756 -25.666401 38.485575 51.195275 46.017373 -7.300605 -50.708240 -38.447384 14.241103 41.362771 7.120386 47.159170 -52.088409 -43.201152 -39.067944
20 76.338994 43.434995 -56.832593 -24.032380 -8.571910 -19.199798 -21.687108 21.228464 -16.339979 -48.200097 -56.225415 0.683326 11.142284 -4.789564 70.072405 48.408703 -54.825554 -15.697698 36.383235 81.660680 10.261241 18.098937 -15.054543 -52.866164 -23.390460
1 69.910906 65.468500 -5.850470 14.776635 29.558783 -85.768516 -59.241518 19.175934 -39.143584 -18.291329 -63.172963 12.022224 10.424104 10.001723 69.513696 65.281974 -38.268534 -17.877316 13.381873 -3.367311 -28.453614 -6.174070 -25.471589 0.174413 11.390051
4 32.351788 -18.899055 -20.740712 53.911898 3.576704 -8.570242 40.359171 -60.092470 -9.548893 25.531792 14.231885 3.856825 -8.298691 -31.199110 28.653178 7.380943 41.780285 -23.316313 -2.367553 -4.514045 -35.403437 -14.333267 -27.792251 20.978595 -7.537026
1 112.187316 -39.213296 -80.187115 -23.587927 -91.609266 11.469387 -8.641308 -32.717731 26.424902 -60.135346 -40.402749 25.374528 -56.982483 44.226989 48.763379 50.026773 74.899283 2.419316 -2.186157 -35.616134 34.619361 14.246656 32.656396 -13.578516 7.543740
15 25.270394 -7.670974 -16.141557 -32.823811 -37.837770 -7.384396 24.080810 25.263604 -11.655493 51.335544 6.724334 31.444660 -5.409334 14.994352 97.712909 -8.036115 -3.002178 -75.717554 20.329430 -10.758815 9.167909 17.858427 -3.448142 -83.316941 -20.979293
12 11.240222 56.364772 -15.982175 3.125503 3.746682 -5.604042 8.269832 -115.030832 0.768529 -27.996309 -47.476322 78.581353 -7.064740 5.753131 44.606058 43.167178 -33.452015 -18.701615 33.281715 -7.438610 21.829355 49.927130 -5.878930 -47.585623 -28.450247
24 -2.177735 -16.742737 -14.018348 9.107399 -14.361650 -2.000917 7.581355 -37.553243 48.882578 -2.296412 2.911464 -6.608042 -7.163156 0.046705 2.361928 -21.256649 4.623311 -5.602032 13.793405 -12.895141 2.006561 -26.587391 -4.995074 52.264682 30.679139
18 14.959191 32.171214 -34.556638 -25.798478 22.142588 20.083255 -12.637946 -36.938803 3.699582 -51.502010 -43.510882 -2.375105 -32.353924 -9.679921 27.501561 40.490216 -19.867959 63.690900 24.458295 40.883107 3.163400 -33.982281 33.752260 -21.057584 -2.734038
2 14.875223 33.130346 -35.095783 0.487541 -25.200037 -14.358849 -12.014835 9.086510 -2.715458 6.521996 -40.744840 0.706574 30.276411 -11.634608 26.132438 20.674455 21.178527 -21.867571 5.755311 11.370309 22.581170 3.345790 -2.396196 -41.150882 1.056458
2 29.911569 43.663854 -20.348042 -42.951745 -10.780570 -33.430243 -18.433731 0.444605 -38.040624 -15.837320 -1.305329 3.641955 -33.639690 -12.214903 29.397072 15.040718 -21.836784 34.387106 8.354165 23.243237 12.348181 21.960206 13.695917 -7.894564 20.624960
10 -25.414599 4.766243 -44.382818 28.037497 -31.997202 5.219182 13.790123 -37.417652 8.270282 62.128446 33.556928 49.227591 -27.552472 12.095912 4.964138 -1.385938 16.241053 -85.493696 38.570064 -37.068377 9.604107 31.974358 -5.301232 -60.281371 37.849433
12 -7.084465 -7.822331 -60.426012 -2.946558 -17.348259 -20.541011 23.568469 -20.453416 -14.031646 37.115795 -6.653040 74.104133 20.892075 26.387826 5.694222 33.097345 27.397009 -46.552289 14.944980 -6.597489 21.650146 12.709980 -31.274919 -88.783788 32.953242
15 7.611872 24.032097 -83.307877 -69.327722 1.333256 8.925394 50.125140 -2.018077 -30.871011 13.805860 -55.840011 24.479920 38.506462 -13.184064 64.079333 58.163935 46.252815 4.794642 -32.472020 -45.467526 17.538103 -44.546315 8.952051 -13.567849 22.001592
20 63.258409 19.326984 -35.641138 -76.662142 -26.102087 -26.947010 7.611163 -86.341041 -14.935406 -57.575968 -53.045192 34.705148 41.940705 5.946442 28.756646 47.790562 28.309219 -11.237484 33.966170 65.058383 -13.903611 38.762876 8.097342 31.792473 -52.931446
17 12.508876 21.304674 -115.152491 -38.819908 5.820264 -29.539988 28.470863 22.420947 4.206885 19.881192 -9.213515 3.538456 -13.980079 13.004723 11.231581 35.116182 59.488253 5.025681 25.580036 2.854796 13.816107 -43.967583 20.724743 -56.876364 2.555666
20 41.092169 26.271758 -77.614339 -71.798399 9.484440 37.952911 -38.253104 -8.641957 -10.606843 -50.482837 -69.856071 19.110759 25.080038 32.860227 36.240991 -5.852857 36.251357 11.608237 10.366087 84.474507 -13.980847 10.532108 -31.311235 -2.210038 -0.717063
20 10.666103 34.121601 -77.307892 -46.956510 8.976889 -3.501757 -10.963808 -35.570695 -17.744514 2.791749 -63.139254 -1.635484 -17.933173 43.140105 45.477776 68.787574 37.795166 -54.404990 7.155038 98.825187 -45.587791 56.156408 -16.031853 -37.374454 14.258581
5 -38.195492 63.010133 -71.770785 -52.467439 72.552271 -48.771028 7.527458 -1.818744 -14.844845 -10.347537 -73.191526 9.847313 -15.736331 29.606017 26.978363 45.114771 62.466708 -27.702717 -9.132218 7.230142 -32.516095 22.307668 11.565421 9.770312 28.518180
17 -2.599017 -70.215194 -54.751284 89.613656 15.845793 68.852514 38.152798 -98.750701 49.844146 34.396172 25.531665 -33.561568 -6.913765 39.244289 -1.065249 -54.799872 98.296752 -27.056968 74.280077 -14.478760 19.597356 -60.942870 -39.078260 -77.782438 -11.659272
17 40.010345 -62.077148 -115.615473 25.517631 -88.373846 30.333236 -3.380093 -40.656411 -3.505291 -29.033856 33.307002 46.129471 -23.050845 31.437352 -5.620214 30.056071 91.983327 50.552256 39.303612 42.031333 35.074505 -98.118737 4.293966 -60.631162 30.032967
8 17.936017 -15.669134 -21.636191 33.369441 -4.266272 5.039485 34.523611 76.336877 1.581514 25.380324 -2.384899 13.200122 -3.437123 35.129551 -8.666742 -47.712621 44.069295 -57.015125 12.338889 -13.017395 8.813642 -76.012629 -12.950673 -57.836196 12.886231
25 -16.264713 -27.921701 -14.035055 -9.750877 12.851936 14.150810 37.324617 -56.484436 1.877889 51.797830 36.584260 -6.717237 32.851204 -1.888944 -7.982085 -48.624843 34.433384 -47.520756 21.577205 32.290607 14.547593 -84.829629 -8.093203 -24.602425 64.428565
6 -18.307620 -27.470383 -46.029823 -26.723516 52.355026 112.445694 6.859735 38.429415 91.643557 -40.160692 -48.795967 11.313094 -75.467931 10.248840 32.795619 -23.750285 33.312425 -26.638152 1.697359 41.913721 18.231056 -10.193001 -34.728181 -48.827480 -24.152511
17 -21.172121 1.449866 -82.144213 12.707042 -25.282648 24.345927 32.941121 -6.781449 33.644580 -2.014714 29.637041 -1.581889 -2.271941 15.343032 0.814438 14.005511 79.620860 15.209215 3.079317 -1.248364 27.617234 -90.455913 -13.106746 -35.992174 -8.363012
7 4.776499 -33.199170 -34.457921 53.073010 24.249593 14.358126 64.980957 -47.469924 13.360805 5.077839 14.159440 -1.836191 2.680330 7.455285 6.598159 -10.893417 57.637502 11.054336 27.988196 -18.003582 14.536301 -106.530164 -22.769868 -37.841501 -8.984640
4 -34.438878 -18.931469 -120.650998 172.083357 36.979085 17.916942 25.354766 -97.121402 -28.826237 39.507292 -23.889703 55.361865 7.113797 109.422588 22.879970 9.607996 97.453255 -26.334503 25.926804 3.549635 10.402317 -57.828630 -58.541653 -139.818418 -27.177779
16 -12.172667 14.115379 -55.843427 1.410509 -50.376653 -25.307146 33.070628 52.651647 -24.089287 4.258794 -66.662957 61.191083 -7.792101 56.744929 22.542067 99.397426 -14.279749 -27.824158 -19.526949 -2.677138 16.358645 13.406462 -16.034205 -65.234806 12.673675
18 34.557623 -14.781959 -17.755524 29.828328 42.920895 17.254773 64.281575 -39.695590 4.561833 -48.859914 -9.395892 -12.389648 44.249035 -57.764070 -60.405218 -36.357166 -11.390442 107.444194 -6.606742 50.172419 37.604088 -107.770104 52.461320 -59.462437 -2.701378
18 2.087207 -25.201469 48.481435 -12.566146 -17.198886 8.324963 33.338874 77.773557 -33.999737 -76.845808 -32.070269 -50.920022 -11.583469 -19.360439 24.971843 -9.158492 7.996352 146.608877 19.117082 3.882316 3.105930 -144.768424 66.861498 11.517671 -20.394447
17 15.930703 19.982984 -50.085563 -48.683266 -12.324385 -39.317854 25.211274 -79.689273 -35.652054 -33.215188 -20.829493 -8.725416 12.199003 13.973298 35.013339 46.272785 57.940941 46.490594 3.974361 -13.057204 52.353922 -45.698112 42.044567 16.442343 -0.552307
18 -1.462555 76.452643 -27.406488 -46.386773 -55.820042 22.443937 2.629493 23.753966 -94.229941 -83.517514 -31.516597 -15.915365 -16.404340 28.380546 38.303509 -7.315207 6.665342 93.418139 19.016997 75.259930 62.639719 -33.892748 80.711747 -64.649818 -51.158580
17 -2.597618 -77.098327 -141.051841 50.264716 -68.729382 33.307806 55.416100 -106.516369 -33.319490 -28.467398 11.225254 17.357002 -40.621818 -13.975561 49.204814 42.379286 174.978957 87.812134 8.413683 -24.594845 75.182630 -157.215278 66.604207 24.493671 -2.452334
17 52.627995 1.374020 -7.199235 -10.617648 21.219779 4.599276 -6.678130 -45.675642 -12.655012 -24.813548 -35.332564 1.526130 -20.566865 -27.415291 13.886559 -11.465428 58.605831 33.056121 19.464932 -6.495290 -3.109804 -51.268201 28.532135 23.532486 4.867395
18 0.821707 18.878330 -20.471059 -7.619496 12.670706 -0.442927 47.630698 -1.658048 5.689341 -44.206182 -32.897387 -25.574879 15.105934 -29.841639 -5.904831 -3.521265 -21.835346 76.435872 -7.326600 16.637627 -9.703205 -54.021031 71.560066 -1.950911 1.544523
18 3.079580 16.995969 3.273980 18.202831 49.666511 25.322052 -16.254704 -59.462768 -4.512897 -35.270272 -11.232886 -21.173362 -43.120040 -44.442591 -6.068125 40.355625 -8.067400 55.951998 -20.087341 36.108195 -4.450340 -49.848096 42.939381 -2.175560 34.270257
23 1.853854 -13.661650 53.185854 2.837523 30.867918 -10.737315 -0.180679 -68.417523 10.276803 -49.493267 36.816469 -39.947213 -0.236112 -38.721656 24.671843 -33.861559 -17.747591 51.569160 -13.422940 66.523567 -18.083685 -107.791683 77.249034 27.445849 29.004997
21 -35.911686 40.607790 -57.836343 -7.860928 14.202666 19.030373 -16.595127 1.853283 -20.771238 -37.125270 -4.433113 42.873633 -36.199834 17.697495 -1.732385 23.965884 12.504515 36.831143 -26.876674 -19.161215 58.113159 -6.070943 -29.532460 16.719304 15.707968
25 -25.088073 -46.749322 1.976323 65.045567 -62.276907 20.755012 -40.385004 -2.194627 9.133521 69.711616 42.187080 7.668974 30.869031 -6.165734 -14.047220 -9.166557 -78.349428 -71.868217 73.045389 -34.536858 55.488830 -10.990123 -9.086430 -56.353313 91.376467
20 -29.897844 5.551872 -45.122760 -47.838853 16.343241 -4.598325 44.383101 -16.562386 2.669588 3.234072 -5.105200 32.911380 27.640784 17.457784 4.168477 5.013409 24.359682 -31.043695 13.383657 50.845833 -4.475956 5.000678 -19.811632 -48.308787 -0.198122
18 43.589052 -16.956444 -24.136166 7.390567 -3.979931 4.309715 31.171539 -1.228122 6.742339 -37.927718 9.566943 -52.178057 -4.796850 -36.055441 7.344161 3.357271 13.951267 60.788807 8.957609 42.528622 36.051866 -65.187273 1.129445 -26.486960 -7.946242
2 -10.779443 79.690873 -59.391607 -4.470598 11.964169 -32.731069 -12.141228 19.996671 -100.326275 -39.361932 -54.923779 67.734662 39.241683 -3.289256 3.449177 38.414285 61.703329 -51.186614 -8.382379 45.911652 -21.965202 62.076128 -24.849261 -36.414569 30.030581
18 15.167299 -36.903489 43.732688 37.176073 8.117576 -33.613262 79.950830 73.146664 -34.390590 -36.739428 50.314399 -72.003701 -78.042269 3.242174 -44.210858 -52.848675 -22.900438 85.940911 -17.807793 66.853497 61.320405 -82.970517 2.538857 -17.584923 2.514568
16 7.152569 26.506630 -5.179028 -20.380250 -6.693574 1.992657 3.128845 -36.708733 35.959365 -8.208491 -30.710540 5.439712 -46.809274 -12.686761 39.174356 52.113399 11.025110 -20.531237 -11.600868 12.859148 23.900088 -21.463525 17.849042 -16.634338 0.505695
1 53.229062 3.320885 8.913263 0.136093 30.454866 6.833433 7.174823 -9.085049 -60.128529 35.964103 4.093058 18.321615 3.006295 0.015541 27.367560 -32.296895 -6.462273 -40.693246 34.545315 -7.313537 5.411903 -0.294648 3.348481 -87.499251 1.637131
23 30.424167 -45.239487 -33.070580 -15.788141 -27.292465 -13.693237 -51.564879 -23.236339 -10.309738 -39.644054 -8.024954 -25.411884 3.392912 13.924109 40.701218 35.706347 -23.245256 31.200563 5.483125 -17.299525 54.936394 12.709676 60.848689 37.664935 6.828404
22 20.038909 38.990772 38.280237 -25.309496 -0.831057 -31.339828 12.689523 -72.097960 -32.114436 -18.766880 -31.288360 35.114375 -35.746896 -2.325513 24.958506 24.897684 -37.103111 -4.858079 38.862766 -26.471331 29.639404 41.998364 32.634892 10.121570 -29.974055
9 5.128936 -6.685417 -15.136942 29.296002 29.698819 16.681603 29.689307 52.289187 74.723886 -25.159809 -6.698448 -11.994173 46.649700 10.188248 -14.355259 -64.291606 -98.264518 -26.152345 66.961361 -11.256726 -24.725298 -2.682575 -42.084966 -38.266467 26.447498
24 26.242952 26.540270 -15.435984 -20.194669 10.581269 -42.789168 -4.402394 16.015403 21.742239 -36.252052 -46.612055 -14.523191 -9.469903 -25.124287 27.912615 26.071067 4.550743 37.850159 11.902484 6.776962 27.036758 -47.682030 -10.695111 42.247519 -12.289596
21 3.535461 -16.728096 -32.980418 22.450229 18.173435 6.569047 -17.047680 18.887590 42.446311 -14.558161 52.349283 -39.954317 -25.715926 4.955596 12.712667 -8.863415 20.281956 6.631218 31.917307 -56.302051 66.973941 -77.323912 2.270517 -1.052885 -19.627697
12 -12.069673 9.947099 -15.552230 -14.609589 -8.051830 6.900421 23.272855 8.863358 -34.937003 -6.816664 -15.852101 59.449732 -20.606201 -27.679876 17.290233 8.929249 13.650900 -0.000856 10.264988 -18.705913 -15.689733 -46.735114 33.933259 16.514471 28.290217
4 -0.533395 -18.636726 -31.615690 48.498452 -40.649011 22.510636 17.901285 -57.154235 39.437053 23.846226 32.677281 24.348680 32.635527 -0.232806 0.160543 -41.808732 17.141431 -56.868399 47.205825 -14.108132 39.447250 -75.288771 15.507434 -35.253960 10.832231
20 -23.047327 38.163399 -43.804860 -19.496243 12.023435 -3.984713 -15.795923 -48.874973 -18.891430 -25.103976 -31.327447 8.959930 7.190445 24.175837 39.936759 23.307015 19.653463 -32.405631 -4.051741 85.970020 19.312386 30.256202 29.814221 -91.375202 19.396354
3 -14.337124 -28.016626 37.799278 -7.322946 15.026818 -27.976956 8.908280 16.137527 15.686368 -6.001853 17.621243 -52.553614 -14.416136 -17.895825 36.179766 2.125570 -16.896856 2.925509 18.109684 37.040487 -7.567422 -49.840892 5.281581 11.554272 18.429864
5 7.895908 11.107109 24.682364 8.261702 69.242206 19.819619 2.775426 -4.992488 35.455453 28.268007 -27.123934 13.279154 41.054142 0.055360 57.815036 -65.372390 -17.599886 -120.984460 33.276150 -41.034349 3.414694 25.354042 -42.216033 -54.883122 -7.549711
25 -24.536061 20.429155 -55.683427 -45.620329 -10.942724 4.988363 -8.039590 35.275227 -2.626621 11.383298 4.202307 -7.901230 -23.944237 -16.396653 43.680101 -31.471100 -6.147808 39.611124 32.494241 3.364134 -16.494733 -32.227622 25.473393 -10.898985 72.029777
5 14.899615 23.388261 -11.269544 11.488026 40.490280 19.241098 -16.347882 -8.737117 -31.379337 -45.105756 -63.614226 -28.509174 -4.983977 -28.305736 4.817958 33.951432 -15.258138 6.472945 7.198880 25.583489 15.894124 4.153186 31.322484 6.681638 7.927470
13 41.310792 23.944034 -74.698551 -40.314177 17.576694 6.229092 -28.402111 24.890050 9.858129 -47.007669 -85.341105 41.907382 50.159834 29.074377 -14.359599 39.031782 16.489682 -31.322117 -29.685161 28.104157 -9.433688 30.361333 6.181877 -8.627212 4.072171
21 -38.886064 -40.974607 -59.674848 71.673667 -10.431497 -14.695525 8.282460 -134.602083 22.875383 57.274050 37.219565 -7.198676 -4.767517 -31.328064 3.371357 -18.103013 44.349169 -78.569184 56.819172 -9.226289 88.154056 0.197872 23.205536 -7.780495 42.815576
1 39.597600 7.585167 -26.743719 -44.946454 -8.745643 -7.715518 7.054043 -20.880818 9.005807 -1.681013 -33.068802 -4.159420 12.429505 15.441104 24.986300 32.005803 -18.919412 -4.156225 -0.810093 -0.187324 29.871790 -13.918916 11.559468 4.950657 -8.553887
7 14.528736 26.466300 -31.788187 21.040973 27.160505 20.694293 43.505954 -35.644749 -44.293575 -12.509332 -6.657215 -34.866342 -3.482372 -3.237118 25.414798 16.966712 7.182522 9.457100 -10.599576 0.395475 29.043553 -52.444182 11.842618 -18.408821 0.231929
20 31.853955 36.090240 -18.218718 -27.662652 29.302455 7.998249 2.062696 14.917332 -8.909598 -28.488666 -27.044543 7.943783 18.063071 6.199997 59.376723 -2.823594 -43.400596 -43.263793 -16.470157 74.114030 -14.120136 53.827403 -32.061973 -68.814929 -10.470583
14 7.002938 -77.770143 -142.334081 -17.146708 -65.926089 8.514866 66.922396 60.613498 29.664587 42.377951 33.117308 67.080330 18.345008 106.831737 -17.357790 39.814472 45.512703 -88.806662 -13.301260 -50.504326 31.492558 9.574432 -45.730174 -26.058237 -21.929313
21 -11.610104 16.876839 -63.089519 -75.553792 -12.990536 -24.937728 -42.673497 39.954861 6.633866 -19.203558 -24.789258 -7.713162 24.177842 -11.280266 32.072991 30.702539 25.991042 -7.295420 18.560800 22.873672 53.359634 -33.630846 34.040533 -1.176752 30.699819
17 -35.022661 -24.163975 -106.198063 -31.511561 -23.300153 -12.778133 6.794014 5.351848 49.134670 19.739152 3.860165 12.175849 -11.304979 30.505991 21.756295 36.844575 54.566010 -41.640629 -27.551169 44.950899 7.089601 8.778007 14.689846 -34.341783 31.576182
25 -26.965228 -48.422440 44.855675 48.963117 -12.099016 -0.911741 0.745364 42.598041 -19.703328 75.489359 65.459044 -43.488768 -0.344674 -2.701298 -6.374175 -99.714022 -20.206062 -30.139279 42.803942 46.042350 24.354682 -56.986183 -47.418276 -55.220059 79.382973
23 -16.660636 -0.077133 -35.407327 -43.745037 27.370398 0.749407 11.764127 -4.512206 -30.187268 29.401046 -0.049976 -20.193912 -37.401683 -2.276760 12.108658 12.934908 29.434162 12.380706 0.429068 12.357595 37.952742 -47.297546 48.482610 -29.672550 32.116605
21 20.799041 -8.791926 -31.874109 19.970690 -19.878590 29.497165 -7.858238 3.114652 36.082523 21.251903 13.019723 6.632486 29.782489 17.422841 17.156702 -26.390774 -27.213023 -50.870800 18.969150 -45.904412 54.178302 -50.870197 8.774675 -15.876017 -11.124255
22 -9.461096 28.254518 36.722500 -14.993579 -8.441942 -59.491626 -45.328029 -82.654669 9.380853 -13.816748 -64.501385 30.350031 -56.006997 -15.628887 13.340537 29.779089 -21.322759 33.886544 20.339477 3.405937 18.649027 77.396908 57.145117 -7.137240 40.134417
1 54.131513 39.614032 -34.515250 -11.508570 15.330571 3.490144 23.688126 33.524448 18.578090 -18.975782 -40.819781 12.688979 39.039730 -81.395887 24.024886 -22.056505 -0.176068 -89.389853 -1.919882 30.721618 15.162893 -28.867435 -9.497362 23.905924 5.221422
5 23.948697 57.608578 -68.964267 -54.512706 177.758136 -60.481781 -13.020098 -28.610722 -28.708548 -16.647070 27.089165 -115.022742 -110.543230 -13.142371 26.580457 15.722387 -69.722641 78.825583 -62.169763 72.665264 -0.402849 53.936212 13.589625 97.201121 -2.976434
13 24.849693 14.805996 -7.092263 -33.864749 1.976971 -43.955901 12.422719 37.069559 -21.373578 24.652655 -48.457014 72.906207 88.789534 -28.022366 -14.792702 1.276751 -7.141341 -67.736281 1.596806 -38.934635 -16.261959 47.603768 -5.553210 -57.941867 63.177203
22 -36.758181 127.612233 -111.704954 -14.905462 5.263394 30.635585 -18.087544 -60.085256 -34.835935 35.633162 -4.420349 -15.367829 -47.363514 73.784091 31.420907 8.104553 54.702237 -82.573879 58.951115 22.756904 -74.790051 150.866395 -50.348083 -10.459250 -38.030286
1 88.686294 -41.007793 -35.625906 -85.435578 61.346438 -16.795506 -7.082489 -30.407402 17.434014 -34.860567 -64.708431 2.532495 60.526239 -17.445032 -40.508668 -10.395656 78.611757 -38.161762 36.116027 16.506129 66.394613 -29.384303 10.561326 -74.053737 87.157501
2 22.307492 78.198713 37.901965 -74.089645 68.990174 -13.845484 24.041266 -9.478531 -59.749168 -38.107949 -65.664260 -14.327924 58.866516 18.374494 30.426556 43.998223 -81.051055 29.780042 -21.413039 12.745243 -39.003642 51.448007 -0.133567 -61.010021 0.795594
16 82.551247 18.902643 -112.789709 -85.532574 -11.773896 -32.983049 7.519908 -18.728988 -25.060970 -8.895128 -77.187638 61.996299 -23.105890 55.770388 66.752448 129.100163 58.935356 -45.545795 -55.251791 8.487842 3.962749 55.288527 -38.785582 4.258482 -17.885040
22 -20.995977 47.947033 -27.697753 -39.436210 22.197887 -7.708531 2.109695 -28.858023 1.592827 27.158496 -20.236491 -27.695167 -1.064919 -6.985984 15.393835 35.713602 -4.352010 -28.503010 7.578804 33.173584 -62.779608 64.248080 15.245433 -17.966173 21.920580
3 -27.047397 12.054558 97.000726 12.497868 67.383814 6.159637 13.276310 55.102401 -4.615340 10.227546 23.219441 23.671733 -1.156822 -19.460276 -59.014813 -75.870035 -9.872801 -71.460838 7.434792 19.438027 -34.841404 34.184622 -16.598985 -59.262156 -2.450613
3 46.921497 49.328198 67.376606 -51.603587 -13.193334 14.627718 -17.725307 -5.823178 -30.239091 -21.018858 -22.709292 -21.208613 -0.310950 -61.876300 12.388812 9.647614 31.671050 41.960327 20.304560 -6.534718 -12.630673 -29.282942 10.759438 -3.225364 -7.603614
18 -6.972916 -12.880285 32.653104 1.916954 -13.392615 -6.906245 39.412469 -32.725761 -40.847497 -46.287306 1.769352 -11.150947 19.949429 -38.127672 28.080581 8.159348 11.565708 86.226975 48.922080 -37.026375 81.191578 -69.367176 52.395651 -46.399209 -50.159228
8 -26.417189 -30.057543 15.043627 0.703622 -23.496032 41.021041 12.770266 49.843004 6.325395 30.649606 16.598788 16.912613 8.865220 3.772551 8.697939 -5.749766 -37.210569 -13.837582 -0.133019 5.673044 27.041409 -80.771082 -5.000334 -45.032553 23.787543
23 -22.677128 21.412078 9.233106 -4.967703 -4.012202 -3.729303 -10.999346 -65.586953 9.060805 16.863266 23.069640 1.353432 -53.617309 2.103417 27.775105 7.645615 -34.578102 15.661019 32.982674 25.546588 19.988498 -35.850275 34.918573 3.779743 -15.375238
23 12.591707 -4.856767 -35.517261 21.184502 -1.281883 19.784770 21.455100 -25.521905 24.862456 -24.891795 -14.127816 -16.267135 -5.197804 -19.986867 -26.689028 -3.175291 -32.706969 -20.575169 40.330438 28.034306 15.227902 -48.840026 61.068783 -13.396882 48.492633
10 12.117213 -42.997306 19.687259 42.660505 -39.669320 -6.690047 22.385745 -56.482793 -22.933598 57.452975 29.377060 -26.701468 43.529767 8.139625 -19.804243 -7.378289 -31.767390 -1.273283 38.805709 -32.981736 48.243613 -45.730418 28.898688 11.404209 -28.292480
12 -32.266973 -11.366099 36.774104 -83.573864 10.406184 2.833973 7.309377 -18.772885 5.928174 15.874220 -2.718322 44.873149 -49.033695 -12.151420 1.419274 31.249706 22.636281 -3.053820 -17.039549 7.144920 22.088254 -0.326179 5.996145 -12.501471 28.270515
15 1.819601 9.860459 -2.125827 -50.167561 35.908932 -8.342022 -12.758243 -10.928794 29.745619 13.790253 -30.354874 20.205547 -10.076664 -6.486971 43.285135 2.994701 24.852241 -18.146497 16.051808 -32.535052 33.031532 -7.830788 -13.782941 -0.216337 -27.793258
25 -2.965753 -43.917913 -65.293746 -16.910122 -28.878286 25.999477 26.625998 31.149294 -35.768143 -23.368003 5.360902 -3.631957 42.072278 29.959502 8.541507 -3.902114 9.966709 -5.703247 6.694478 18.504685 50.146759 -39.879300 -15.422796 -36.893360 67.513153
7 -14.857622 2.748619 -88.353113 -0.429395 -61.684441 25.728934 90.418822 -18.095373 -42.745807 41.095308 17.832991 15.225014 -73.743083 49.587832 -40.528010 19.196925 -3.837476 -3.279933 31.259615 72.653431 3.540054 13.408966 -22.825159 -52.889660 40.572559
23 7.822681 -58.949383 82.227966 17.534114 69.162780 11.625469 13.908150 -89.295868 -5.473590 10.700683 58.549939 -79.520636 -3.271019 -53.604069 -12.425822 -49.351890 -153.348150 25.105079 25.940332 50.833923 28.581412 -24.869828 85.730872 47.312818 -4.925961
3 22.164592 37.382670 56.781690 8.661556 40.617263 42.035992 -55.584633 -35.198409 7.759122 -8.268843 12.488717 -18.156140 -46.275009 -36.423360 53.485590 -7.772168 -31.097286 26.659124 31.376863 -51.785043 18.339632 -5.837740 -33.665190 -9.822931 -17.866058
25 11.383486 2.333452 -17.283025 34.095866 58.929002 1.235910 1.035002 -100.585932 -4.357524 28.592788 2.547714 -3.010531 19.416435 34.928298 -18.063572 -30.660444 -67.429235 -38.246800 49.305389 12.274364 15.786125 -53.752760 -3.667978 -5.055728 70.249696
8 -30.221856 -15.689394 3.576073 5.511479 39.365513 4.802481 24.205125 50.362630 20.994630 -37.147374 -22.098223 -95.099148 46.740102 -18.002207 9.260008 -62.400621 -47.223306 19.455013 5.192722 5.824718 33.002934 -28.059532 28.134011 28.159477 31.354743
3 48.381153 40.237768 70.043290 2.726715 9.420229 -6.116461 -32.526647 -8.022487 23.218772 11.885297 -54.042296 5.953771 -39.687375 -33.438850 38.014936 -25.521750 -31.862839 -12.202263 7.729651 -47.196531 1.838563 -0.475414 -14.283047 52.815619 -6.889807
24 60.713289 11.953232 34.055042 -90.591385 39.854927 -29.388425 -10.533683 -13.088834 0.162500 -31.829200 -41.047663 19.598432 5.733571 -67.199780 31.191348 0.761415 -59.080879 -1.950089 -19.955879 20.510898 4.572780 22.896009 -15.148577 136.623138 -8.812184
24 -33.591976 52.785543 -9.835054 -41.459819 2.510416 -45.635757 -14.052769 -16.865981 -4.132964 -12.455156 -50.404856 -8.733011 -47.882757 -21.978924 -11.242263 58.645254 -8.318326 11.333981 -11.891844 -27.325491 3.674717 33.678626 29.049849 151.232857 22.895704
21 -31.047746 21.779893 -40.474259 -7.356822 -12.263761 28.480369 15.090732 47.542187 -14.303814 3.907426 5.650393 9.461950 70.215845 -50.542634 0.048950 -59.170421 -5.079541 -34.330763 32.000280 -68.999208 70.860890 3.305322 28.521384 -36.208570 22.911915
1 53.699335 -3.451034 34.349738 6.345049 5.128578 40.904223 16.066286 -58.625872 22.299966 13.070573 17.879488 -27.810968 10.964704 -23.537530 30.360695 -58.553635 -52.963395 -22.445656 40.676263 -16.257531 6.456680 -64.950992 10.645885 -11.492918 31.242068
2 22.906460 58.640060 28.461623 -29.182473 -43.786400 -20.639479 7.406547 45.016514 16.193919 -24.630370 -33.463598 37.248765 18.738377 -53.248358 8.275424 1.635467 -45.114681 -11.112567 -12.182998 20.855489 -61.395421 44.781414 -20.918542 31.039975 14.474850
1 82.262812 -13.939003 1.383060 67.101140 49.262521 1.413900 17.103299 0.468951 24.126836 23.807462 -2.567148 23.884255 -15.182656 -32.841310 3.802324 -63.833706 33.428113 -58.371882 -25.355496 -19.747191 2.819525 -69.420008 -13.847976 -4.806157 -10.951668
6 -22.715443 12.255911 20.189484 -24.883890 -7.378686 31.646266 12.078516 29.589132 7.273702 28.231894 16.012383 -7.088134 5.424744 12.286768 30.197408 -67.587050 -25.839747 -72.075267 12.830647 28.091256 -11.880830 28.166997 -16.685728 -18.269854 0.129523
25 -88.804996 -2.855990 -49.185694 61.369075 4.242915 42.396686 -17.546451 22.512275 48.566509 -30.452652 8.835590 16.520938 40.168452 -9.713403 -17.451592 -41.502865 3.508844 -45.958142 55.594946 -54.797088 37.439682 34.872978 -24.376825 -59.494633 66.111440
14 -5.925640 -20.962485 6.699168 27.989086 -31.658574 62.917599 26.290834 44.374189 -44.977674 35.147282 -2.079509 -16.071477 21.370579 68.526596 33.665954 -38.524706 -40.746557 -82.220560 45.365907 14.112339 4.267258 1.968016 14.134264 -120.718700 -2.943190
23 6.289069 44.864740 38.223154 -10.647751 37.566501 18.256035 -8.022380 -7.614493 -39.207764 4.264626 -4.610926 -31.406242 4.072387 -26.581765 35.581113 10.479427 -52.432422 -0.007399 8.743616 7.739889 7.217287 -23.581362 48.989483 -53.911555 -14.263272
4 7.286948 -36.853445 48.372419 65.619290 -15.850265 -11.517979 13.620639 -31.400320 -19.356809 41.978406 51.729365 -77.235361 16.196227 -5.304830 -8.742592 -44.624244 -51.023205 -47.673410 35.327992 17.274059 41.828453 -55.272415 14.186959 42.130500 9.303616
21 30.091110 13.482119 7.857345 7.362121 27.843309 49.544102 -10.962378 -39.658249 -19.068331 -1.314177 -45.319769 15.168508 -49.886150 -21.546883 7.760883 26.789623 -53.629104 -23.135638 -5.486451 -73.892568 62.524281 -21.227547 45.313451 9.353974 62.036414
24 10.420073 20.690180 14.688074 -38.701165 14.292495 -31.208699 38.342160 -9.974087 -48.396236 -14.225521 -32.408582 -21.731558 56.794275 -8.912978 -31.253657 -29.835784 6.906399 -30.146840 4.238530 -12.354981 12.954138 -9.256921 66.761000 79.339764 -7.020084
7 14.118237 -33.643619 -18.238736 20.166679 26.624039 24.908247 51.138411 8.764256 29.708709 17.698592 3.947558 -18.157640 14.798518 -20.774417 -52.116493 -38.012916 -13.539477 -12.457237 14.077006 -17.172390 12.919687 -36.894489 13.974584 -23.138669 31.301557
25 -14.048356 -79.426354 -64.633798 1.558507 -11.348058 7.105038 -30.263234 -49.836745 -30.813897 29.007278 -5.401998 20.023123 -1.054412 18.578258 1.246047 -3.629442 11.853515 25.999116 1.241422 33.870429 10.628274 7.875226 25.235804 12.783842 83.450413
